0 0 -24.4
-0.071 0 -24.25
0 0 -24.1
-0.071 0 -23.75
0 0 -23.45
0.071 0 -22.85
0 0 -22.25
0.071 0 -21.45
0 0 -20.5
0.071 0 -19.45
0.141 0 -18.2
0.071 0 -16.7
0.141 0 -14.7
0.071 0 -12.9
0.141 0 -10.85
0.212 0 -12.65
0.141 0 -14.85
0.212 0 -16.6
0.141 0 -18.05
0.212 0 -19.3
0.283 0 -20.45
0.212 0 -21.35
0.283 0 -22.15
0.212 0 -23
0.283 0 -23.55
0.353 0 -24
0.283 0 -24.25
0.353 0 -24.5
0.283 0 -24.65
0.353 0 -24.7
0.424 0 -24.6
0.353 0 -24.4
0.424 0 -24.15
0.353 0 -23.85
0.424 0 -23.35
0.495 0 -22.8
0.424 0 -22.05
0.495 0 -21.2
0.424 0 -20.2
0.495 0 -19
0.565 0 -17.55
0.495 0 -16.15
0.565 0 -14.15
0.495 0 -12.05
0.565 0 -10.35
0.636 0 -12.65
0.565 0 -14.75
0.636 0 -16.4
0.565 0 -17.9
0.636 0 -19.3
0.707 0 -20.35
0.636 0 -21.35
0.707 0 -22.25
0.636 0 -22.85
0.707 0 -23.4
0.778 0 -23.8
0.707 0 -24.15
0.778 0 -24.4
0.707 0 -24.55
0.778 0 -24.65
0.848 0 -24.55
0.778 0 -24.35
0.848 0 -24.15
0.778 0 -23.85
0.848 0 -23.4
0.919 0 -22.85
0.848 0 -22.2
0.919 0 -21.3
0.848 0 -20.35
0.919 0 -19.2
0.99 0 -17.9
0.919 0 -16.45
0.99 0 -14.45
0.919 0 -12.55
0.99 0 -10.3
1.06 0 -12.15
0.99 0 -14.05
1.06 0 -16.05
0.99 0 -17.7
1.06 0 -19
1.131 0 -20.15
1.06 0 -21.15
1.131 0 -21.95
1.06 0 -22.6
1.131 0 -23.25
1.202 0 -23.65
1.131 0 -24
1.202 0 -24.25
1.131 0 -24.45
1.202 0 -24.45
1.272 0 -24.5
1.202 0 -24.3
1.272 0 -24.1
1.202 0 -23.75
1.272 0 -23.4
1.343 0 -22.95
1.272 0 -22.25
1.343 0 -21.4
1.272 0 -20.45
1.343 0 -19.45
1.414 0 -18.15
1.343 0 -16.7
1.414 0 -15
1.343 0 -13
1.414 0 -10.95
1.484 0 -11.75
1.414 0 -14
1.484 0 -15.85
1.414 0 -17.55
1.484 0 -18.9
1.555 0 -20.15
1.484 0 -21.1
1.555 0 -21.9
1.484 0 -22.7
1.555 0 -23.3
1.626 0 -23.8
1.555 0 -24.05
1.626 0 -24.35
1.555 0 -24.55
1.626 0 -24.6
1.696 0 -24.6
1.626 0 -24.45
1.696 0 -24.15
1.626 0 -24
1.696 0 -23.55
1.767 0 -23
1.696 0 -22.35
1.767 0 -21.55
1.696 0 -20.65
1.767 0 -19.5
1.838 0 -18.2
1.767 0 -16.8
1.838 0 -15
1.767 0 -12.9
1.838 0 -10.95
1.909 0 -12.9
1.838 0 -14.9
1.909 0 -16.7
1.838 0 -18.3
1.909 0 -19.45
1.979 0 -20.6
1.909 0 -21.6
1.979 0 -22.4
1.909 0 -23.05
1.979 0 -23.55
2.05 0 -24
1.979 0 -24.25
2.05 0 -24.5
1.979 0 -24.7
2.05 0 -24.7
2.121 0 -24.7
2.05 0 -24.5
2.121 0 -24.2
2.05 0 -23.9
2.121 0 -23.45
2.191 0 -22.85
2.121 0 -22.1
2.191 0 -21.3
2.121 0 -20.25
2.191 0 -19.1
2.262 0 -17.75
2.191 0 -16.3
2.262 0 -14.4
2.191 0 -12.35
2.262 0 -10.35
2.333 0 -12.7
2.262 0 -14.65
2.333 0 -16.45
2.262 0 -18.05
2.333 0 -19.3
2.403 0 -20.35
2.333 0 -21.45
2.403 0 -22.15
2.333 0 -22.85
2.403 0 -23.45
2.474 0 -23.9
2.403 0 -24.2
2.474 0 -24.4
2.403 0 -24.55
2.474 0 -24.6
2.545 0 -24.55
2.474 0 -24.35
2.545 0 -24.15
2.474 0 -23.85
2.545 0 -23.4
2.615 0 -22.75
2.545 0 -22.15
2.615 0 -21.35
2.545 0 -20.35
2.615 0 -19.3
2.686 0 -17.95
2.615 0 -16.3
2.686 0 -14.75
2.615 0 -12.7
2.686 0 -10.45
2.757 0 -11.95
2.686 0 -14.2
2.757 0 -16
2.686 0 -17.6
2.757 0 -19
2.827 0 -20.2
2.757 0 -21.1
2.827 0 -22
2.757 0 -22.6
2.827 0 -23.25
2.898 0 -23.7
2.827 0 -24.05
2.898 0 -24.25
2.827 0 -24.4
2.898 0 -24.5
2.969 0 -24.45
2.898 0 -24.3
2.969 0 -24.1
2.898 0 -23.85
2.969 0 -23.35
3.039 0 -22.9
2.969 0 -22.15
3.039 0 -21.45
2.969 0 -20.4
3.039 0 -19.35
3.11 0 -18.05
3.039 0 -16.65
3.11 0 -14.85
3.039 0 -12.6
3.11 0 -10.65
3.181 0 -11.95
3.11 0 -14.55
3.181 0 -16
3.11 0 -17.75
3.181 0 -18.95
3.252 0 -20.15
3.181 0 -21.2
3.252 0 -22.05
3.181 0 -22.7
3.252 0 -23.35
3.322 0 -23.75
3.252 0 -24.1
3.322 0 -24.25
3.252 0 -24.55
3.322 0 -24.55
3.393 0 -24.55
3.322 0 -24.5
3.393 0 -24.2
3.322 0 -23.95
3.393 0 -23.55
3.464 0 -23.05
3.393 0 -22.35
3.464 0 -21.55
3.393 0 -20.7
3.464 0 -19.55
3.534 0 -18.25
3.464 0 -16.8
3.534 0 -15
3.464 0 -12.9
3.534 0 -11.05
3.605 0 -12.8
3.534 0 -15.2
3.605 0 -16.7
3.534 0 -18.15
3.605 0 -19.6
3.676 0 -20.6
3.605 0 -21.65
3.676 0 -22.35
3.605 0 -23.05
3.676 0 -23.55
3.746 0 -24.05
3.676 0 -24.25
3.746 0 -24.55
3.676 0 -24.7
3.746 0 -24.7
3.817 0 -24.7
3.746 0 -24.45
3.817 0 -24.2
3.746 0 -23.9
3.817 0 -23.5
3.888 0 -22.9
3.817 0 -22.1
3.888 0 -21.35
3.817 0 -20.25
3.888 0 -19.15
3.958 0 -17.85
3.888 0 -16.3
3.958 0 -14.55
3.888 0 -12.45
3.958 0 -10.3
4.029 0 -12.6
3.958 0 -14.5
4.029 0 -16.35
3.958 0 -18.05
4.029 0 -19.2
4.1 0 -20.35
4.029 0 -21.4
4.1 0 -22.15
4.029 0 -22.8
4.1 0 -23.4
4.17 0 -23.85
4.1 0 -24.2
4.17 0 -24.35
4.1 0 -24.55
4.17 0 -24.65
4.241 0 -24.55
4.17 0 -24.35
4.241 0 -24.15
4.17 0 -23.8
4.241 0 -23.4
4.312 0 -22.8
4.241 0 -22
4.312 0 -21.35
4.241 0 -20.2
4.312 0 -19.25
4.383 0 -17.85
4.312 0 -16.25
4.383 0 -14.65
4.312 0 -12.55
4.383 0 -10.3
4.453 0 -12.15
4.383 0 -14.3
4.453 0 -16.15
4.383 0 -17.7
4.453 0 -19
4.524 0 -20.15
4.453 0 -21.15
4.524 0 -22.05
4.453 0 -22.7
4.524 0 -23.3
4.595 0 -23.7
4.524 0 -24.05
4.595 0 -24.25
4.524 0 -24.45
4.595 0 -24.5
4.665 0 -24.5
4.595 0 -24.4
4.665 0 -24.1
4.595 0 -23.85
4.665 0 -23.4
4.736 0 -22.95
4.665 0 -22.3
4.736 0 -21.55
4.665 0 -20.6
4.736 0 -19.45
4.807 0 -18.2
4.736 0 -16.55
4.807 0 -14.95
4.736 0 -12.85
4.807 0 -10.7
4.877 0 -11.95
4.807 0 -14.1
4.877 0 -15.95
4.807 0 -17.6
4.877 0 -19
4.948 0 -20.1
4.877 0 -21.25
4.948 0 -22
4.877 0 -22.7
4.948 0 -23.35
5.019 0 -23.75
4.948 0 -24.1
5.019 0 -24.35
4.948 0 -24.5
5.019 0 -24.5
5.089 0 -24.55
5.019 0 -24.45
5.089 0 -24.15
5.019 0 -23.9
5.089 0 -23.45
5.16 0 -22.95
5.089 0 -22.25
5.16 0 -21.5
5.089 0 -20.45
5.16 0 -19.55
5.231 0 -18.25
5.16 0 -16.65
5.231 0 -15.05
5.16 0 -13
5.231 0 -11.05
5.301 0 -12.7
5.231 0 -15
5.301 0 -16.6
5.231 0 -18.15
5.301 0 -19.45
5.372 0 -20.55
5.301 0 -21.6
5.372 0 -22.35
5.301 0 -23.1
5.372 0 -23.55
5.443 0 -24
5.372 0 -24.3
5.443 0 -24.5
5.372 0 -24.7
5.443 0 -24.7
5.513 0 -24.7
5.443 0 -24.5
5.513 0 -24.25
5.443 0 -23.9
5.513 0 -23.4
5.584 0 -22.85
5.513 0 -22.05
5.584 0 -21.3
5.513 0 -20.1
5.584 0 -19.1
5.655 0 -17.65
5.584 0 -16
5.655 0 -14.35
5.584 0 -12.3
5.655 0 -10.5
5.726 0 -12.65
5.655 0 -14.75
5.726 0 -16.55
5.655 0 -17.95
5.726 0 -19.3
5.796 0 -20.35
5.726 0 -21.4
5.796 0 -22.1
5.726 0 -22.8
5.796 0 -23.45
5.867 0 -23.85
5.796 0 -24.2
5.867 0 -24.35
5.796 0 -24.55
5.867 0 -24.6
5.938 0 -24.55
5.867 0 -24.35
5.938 0 -24.2
5.867 0 -23.85
5.938 0 -23.4
6.008 0 -22.9
5.938 0 -22.15
6.008 0 -21.4
5.938 0 -20.4
6.008 0 -19.3
6.079 0 -18
6.008 0 -16.5
6.079 0 -14.7
6.008 0 -12.65
6.079 0 -10.35
6.15 0 -12.05
6.079 0 -14.65
6.15 0 -16.15
6.079 0 -17.65
6.15 0 -19.05
6.22 0 -20.15
6.15 0 -21.15
6.22 0 -21.95
6.15 0 -22.7
6.22 0 -23.25
6.291 0 -23.7
6.22 0 -24.05
6.291 0 -24.3
6.22 0 -24.4
6.291 0 -24.55
6.362 0 -24.5
6.291 0 -24.3
6.362 0 -24.1
6.291 0 -23.85
6.362 0 -23.45
6.432 0 -22.9
6.362 0 -22.25
6.432 0 -21.55
6.362 0 -20.55
6.432 0 -19.5
6.503 0 -18.15
6.432 0 -16.7
6.503 0 -15
6.432 0 -12.9
6.503 0 -10.75
6.574 0 -11.75
6.503 0 -14.05
6.574 0 -15.95
6.503 0 -17.55
6.574 0 -18.85
6.644 0 -20.1
6.574 0 -21.2
6.644 0 -21.95
6.574 0 -22.7
6.644 0 -23.35
6.715 0 -23.7
6.644 0 -24.1
6.715 0 -24.35
6.644 0 -24.5
6.715 0 -24.55
6.786 0 -24.55
6.715 0 -24.4
6.786 0 -24.1
6.715 0 -23.95
6.786 0 -23.55
6.857 0 -23
6.786 0 -22.3
6.857 0 -21.55
6.786 0 -20.55
6.857 0 -19.5
6.927 0 -18.15
6.857 0 -16.75
6.927 0 -14.95
6.857 0 -12.45
6.927 0 -11
6.998 0 -12.95
6.927 0 -15.25
6.998 0 -16.8
6.927 0 -18.15
6.998 0 -19.4
7.069 0 -20.65
6.998 0 -21.55
7.069 0 -22.35
6.998 0 -23.05
7.069 0 -23.5
7.139 0 -24
7.069 0 -24.35
7.139 0 -24.5
7.069 0 -24.7
7.139 0 -24.7
7.21 0 -24.7
7.139 0 -24.45
7.21 0 -24.2
7.139 0 -23.75
7.21 0 -23.45
7.281 0 -22.8
7.21 0 -22.15
7.281 0 -21.35
7.21 0 -20.25
7.281 0 -19.2
7.351 0 -17.8
7.281 0 -16.2
7.351 0 -14.45
7.281 0 -12.3
7.351 0 -10.4
7.422 0 -12.6
7.351 0 -14.85
7.422 0 -16.5
7.351 0 -18
7.422 0 -19.4
7.493 0 -20.4
7.422 0 -21.4
7.493 0 -22.2
7.422 0 -23
7.493 0 -23.4
7.563 0 -23.9
7.493 0 -24.3
7.563 0 -24.45
7.493 0 -24.55
7.563 0 -24.65
7.634 0 -24.55
7.563 0 -24.3
7.634 0 -24.15
7.563 0 -23.7
7.634 0 -23.35
7.705 0 -22.8
7.634 0 -22.05
7.705 0 -21.35
7.634 0 -20.3
7.705 0 -19.25
7.775 0 -17.95
7.705 0 -16.45
7.775 0 -14.7
7.705 0 -12.55
7.775 0 -10.35
7.846 0 -11.95
7.775 0 -14.25
7.846 0 -16.05
7.775 0 -17.55
7.846 0 -19
7.917 0 -20.1
7.846 0 -21.2
7.917 0 -21.9
7.846 0 -22.8
7.917 0 -23.3
7.987 0 -23.7
8.058 0 -23.75
7.917 0 -24
8.058 0 -24.3
7.987 0 -24.45
7.917 0 -24.5
7.987 0 -24.45
8.058 0 -24.5
8.129 0 -24.5
8.058 0 -24.35
8.129 0 -24.15
8.058 0 -23.85
8.129 0 -23.45
8.2 0 -22.95
8.129 0 -22.25
8.2 0 -21.55
8.129 0 -20.45
8.2 0 -19.4
8.27 0 -17.8
8.2 0 -16.65
8.27 0 -14.85
8.2 0 -13
8.27 0 -10.7
8.341 0 -12.1
8.27 0 -14
8.341 0 -15.95
8.27 0 -17.6
8.341 0 -19.1
8.412 0 -20.1
8.341 0 -21.2
8.412 0 -22.15
8.341 0 -22.65
8.412 0 -23.35
8.482 0 -23.8
8.412 0 -24.1
8.482 0 -24.3
8.412 0 -24.5
8.482 0 -24.55
8.553 0 -24.55
8.482 0 -24.45
8.553 0 -24.15
8.482 0 -24
8.553 0 -23.55
8.624 0 -23.05
8.553 0 -22.35
8.624 0 -21.6
8.553 0 -20.65
8.624 0 -19.55
8.694 0 -18.2
8.624 0 -16.8
8.694 0 -15.1
8.624 0 -13.15
8.694 0 -11
8.765 0 -12.75
8.694 0 -14.85
8.765 0 -16.85
8.694 0 -18.15
8.765 0 -19.55
8.836 0 -20.6
8.765 0 -21.6
8.836 0 -22.55
8.765 0 -23.05
8.836 0 -23.6
8.906 0 -24.05
8.836 0 -24.35
8.906 0 -24.55
8.836 0 -24.7
8.906 0 -24.75
8.977 0 -24.7
8.906 0 -24.5
8.977 0 -24.2
8.906 0 -23.9
8.977 0 -23.4
9.048 0 -22.7
8.977 0 -22.1
9.048 0 -21.3
8.977 0 -20.3
9.048 0 -19.2
9.118 0 -17.85
9.048 0 -16.25
9.118 0 -14.05
9.048 0 -12.4
9.118 0 -10.45
9.189 0 -13
9.118 0 -14.6
9.189 0 -16.45
9.118 0 -17.9
9.189 0 -19.45
9.26 0 -20.35
9.189 0 -21.35
9.26 0 -22.25
9.189 0 -22.85
9.26 0 -23.4
9.331 0 -23.85
9.26 0 -24.2
9.331 0 -24.45
9.26 0 -24.6
9.331 0 -24.65
9.401 0 -24.5
9.331 0 -24.4
9.401 0 -24.1
9.331 0 -23.8
9.401 0 -23.4
9.472 0 -22.8
9.401 0 -22.1
9.472 0 -21.35
9.401 0 -20.3
9.472 0 -19.2
9.543 0 -17.7
9.472 0 -16.4
9.543 0 -14.5
9.472 0 -12.6
9.543 0 -10.3
9.613 0 -12.55
9.543 0 -14.2
9.613 0 -16.25
9.543 0 -17.65
9.613 0 -19
9.684 0 -20.2
9.613 0 -21.15
9.684 0 -22
9.613 0 -22.7
9.684 0 -23.25
9.755 0 -23.75
9.684 0 -24.05
9.755 0 -24.25
9.684 0 -24.5
9.755 0 -24.5
9.825 0 -24.55
9.755 0 -24.4
9.825 0 -24.2
9.755 0 -24
9.825 0 -23.45
9.896 0 -22.85
9.825 0 -22.35
9.896 0 -21.55
9.825 0 -20.55
9.896 0 -19.45
9.967 0 -18.05
9.896 0 -16.7
9.967 0 -14.95
9.896 0 -12.95
9.967 0 -10.5
10.037 0 -11.9
9.967 0 -14.1
10.037 0 -16.05
9.967 0 -17.6
10.037 0 -19.05
10.108 0 -20.15
10.037 0 -21.25
10.108 0 -22
10.037 0 -22.75
10.108 0 -23.35
10.179 0 -23.8
10.108 0 -24.1
10.179 0 -24.35
10.108 0 -24.55
10.179 0 -24.55
10.249 0 -24.5
10.179 0 -24.4
10.249 0 -24.15
10.179 0 -23.95
10.249 0 -23.45
10.32 0 -22.95
10.249 0 -22.3
10.32 0 -21.55
10.249 0 -20.55
10.32 0 -19.5
10.391 0 -18.05
10.32 0 -16.8
10.391 0 -15.05
10.32 0 -12.9
10.391 0 -11.05
10.462 0 -12.75
10.391 0 -14.8
10.462 0 -16.9
10.391 0 -18.05
10.462 0 -19.45
10.532 0 -20.55
10.462 0 -21.55
10.532 0 -22.45
10.462 0 -23
10.532 0 -23.5
10.603 0 -24
10.532 0 -24.25
10.603 0 -24.55
10.532 0 -24.7
10.603 0 -24.75
10.674 0 -24.65
10.603 0 -24.45
10.674 0 -24.25
10.603 0 -23.95
10.674 0 -23.4
10.744 0 -22.85
10.674 0 -22.2
10.744 0 -21.3
10.674 0 -20.25
10.744 0 -19.05
10.815 0 -17.8
10.744 0 -16.25
10.815 0 -14.35
10.744 0 -12.3
10.815 0 -10.4
10.886 0 -12.65
10.815 0 -14.7
10.886 0 -16.5
10.815 0 -18
10.886 0 -19.3
10.956 0 -20.55
10.886 0 -21.4
10.956 0 -22.2
10.886 0 -22.85
10.956 0 -23.45
11.027 0 -23.85
10.956 0 -24.15
11.027 0 -24.45
10.956 0 -24.6
11.027 0 -24.65
11.098 0 -24.5
11.027 0 -24.4
11.098 0 -24.15
11.027 0 -23.85
11.098 0 -23.35
11.168 0 -22.85
11.098 0 -22.2
11.168 0 -21.4
11.098 0 -20.4
11.168 0 -19.3
11.239 0 -17.75
11.168 0 -16.5
11.239 0 -14.75
11.168 0 -12.65
11.239 0 -10.3
11.31 0 -12.1
11.239 0 -14.25
11.31 0 -16.1
11.239 0 -17.6
11.31 0 -19.2
11.38 0 -20.25
11.31 0 -21.15
11.38 0 -22.05
11.31 0 -22.65
11.38 0 -23.25
11.451 0 -23.75
11.38 0 -24.1
11.451 0 -24.25
11.38 0 -24.45
11.451 0 -24.6
11.522 0 -24.5
11.451 0 -24.35
11.522 0 -24.1
11.451 0 -23.8
11.522 0 -23.45
11.592 0 -22.95
11.522 0 -22.3
11.592 0 -21.55
11.522 0 -20.55
11.592 0 -19.55
11.663 0 -18.2
11.592 0 -16.85
11.663 0 -15.05
11.592 0 -12.95
11.663 0 -10.85
11.734 0 -11.75
11.663 0 -13.95
11.734 0 -15.95
11.663 0 -17.45
11.734 0 -18.85
11.805 0 -20.15
11.734 0 -21.1
11.805 0 -21.95
11.734 0 -22.7
11.805 0 -23.35
11.875 0 -23.75
11.805 0 -24.1
11.875 0 -24.35
11.805 0 -24.45
11.875 0 -24.6
11.946 0 -24.55
11.875 0 -24.5
11.946 0 -24.15
11.875 0 -23.95
11.946 0 -23.45
12.017 0 -22.95
11.946 0 -22.3
12.017 0 -21.55
11.946 0 -20.55
12.017 0 -19.4
12.087 0 -18.15
12.017 0 -16.7
12.087 0 -14.95
12.017 0 -12.9
12.087 0 -11.05
12.158 0 -12.9
12.087 0 -14.95
12.158 0 -16.75
12.087 0 -18.2
12.158 0 -19.5
12.229 0 -20.65
12.158 0 -21.55
12.229 0 -22.35
12.158 0 -23.05
12.229 0 -23.5
12.299 0 -24
12.229 0 -24.25
12.299 0 -24.55
12.229 0 -24.7
12.299 0 -24.75
12.37 0 -24.65
12.299 0 -24.45
12.37 0 -24.2
12.299 0 -23.9
12.37 0 -23.4
12.441 0 -22.9
12.37 0 -22.15
12.441 0 -21.25
12.37 0 -20.3
12.441 0 -19.2
12.511 0 -17.8
12.441 0 -16.25
12.511 0 -14.5
12.441 0 -12.35
12.511 0 -10.4
12.582 0 -12.6
12.511 0 -14.8
12.582 0 -16.5
12.511 0 -18
12.582 0 -19.3
12.653 0 -20.45
12.582 0 -21.45
12.653 0 -22.2
12.582 0 -22.95
12.653 0 -23.5
12.723 0 -23.9
12.653 0 -24.15
12.723 0 -24.45
12.653 0 -24.6
12.723 0 -24.65
12.794 0 -24.6
12.723 0 -24.45
12.794 0 -24.15
12.723 0 -23.85
12.794 0 -23.4
12.865 0 -22.85
12.794 0 -22.2
12.865 0 -21.4
12.794 0 -20.35
12.865 0 -19.2
12.936 0 -18.05
12.865 0 -16.6
12.936 0 -14.8
12.865 0 -12.7
12.936 0 -10.55
13.006 0 -12.1
12.936 0 -14.1
13.006 0 -16
12.936 0 -17.6
13.006 0 -19
13.077 0 -20.05
13.006 0 -21.1
13.077 0 -21.9
13.006 0 -22.65
13.077 0 -23.25
13.148 0 -23.65
13.077 0 -24.05
13.148 0 -24.3
13.077 0 -24.5
13.148 0 -24.55
13.218 0 -24.55
13.148 0 -24.35
13.218 0 -24.15
13.148 0 -23.9
13.218 0 -23.45
13.289 0 -23
13.218 0 -22.35
13.289 0 -21.55
13.218 0 -20.6
13.289 0 -19.45
13.36 0 -18.1
13.289 0 -16.7
13.36 0 -15
13.289 0 -12.9
13.36 0 -10.45
13.43 0 -11.9
13.36 0 -14.05
13.43 0 -15.9
13.36 0 -17.6
13.43 0 -19.1
13.501 0 -20.05
13.43 0 -21.15
13.501 0 -22
13.43 0 -22.7
13.501 0 -23.3
13.572 0 -23.75
13.501 0 -24.1
13.572 0 -24.3
13.501 0 -24.5
13.572 0 -24.6
13.642 0 -24.55
13.572 0 -24.4
13.642 0 -24.2
13.572 0 -23.95
13.642 0 -23.5
13.713 0 -23.05
13.642 0 -22.35
13.713 0 -21.55
13.642 0 -20.65
13.713 0 -19.55
13.784 0 -18.25
13.713 0 -16.75
13.784 0 -14.95
13.713 0 -13.05
13.784 0 -11
13.854 0 -13.05
13.784 0 -14.9
13.854 0 -16.75
13.784 0 -18.3
13.854 0 -19.45
13.925 0 -20.6
13.854 0 -21.6
13.925 0 -22.4
13.854 0 -23
13.925 0 -23.55
13.996 0 -24.05
13.925 0 -24.25
13.996 0 -24.5
13.925 0 -24.7
13.996 0 -24.7
14.066 0 -24.65
13.996 0 -24.5
14.066 0 -24.15
13.996 0 -23.9
14.066 0 -23.4
14.137 0 -22.8
14.066 0 -22.15
14.137 0 -21.35
14.066 0 -20.25
14.137 0 -19.2
14.208 0 -17.85
14.137 0 -16.25
14.208 0 -14.25
14.137 0 -12.5
14.208 0 -10.45
14.279 0 -12.5
14.208 0 -14.65
14.279 0 -16.55
14.208 0 -17.9
14.279 0 -19.3
14.349 0 -20.5
14.279 0 -21.4
14.349 0 -22.2
14.279 0 -22.95
14.349 0 -23.4
14.42 0 -23.9
14.349 0 -24.2
14.42 0 -24.45
14.349 0 -24.6
14.42 0 -24.7
14.491 0 -24.55
14.42 0 -24.35
14.491 0 -24.1
14.42 0 -23.85
14.491 0 -23.4
14.561 0 -22.8
14.491 0 -22.2
14.561 0 -21.35
14.491 0 -20.35
14.561 0 -19.2
14.632 0 -17.85
14.561 0 -16.35
14.632 0 -14.6
14.561 0 -12.25
14.632 0 -10.4
14.703 0 -12.25
14.632 0 -14.25
14.703 0 -16.1
14.632 0 -17.7
14.703 0 -19.1
14.773 0 -20.1
14.703 0 -21.25
14.773 0 -21.95
14.703 0 -22.65
14.773 0 -23.3
14.844 0 -23.65
14.773 0 -24.05
14.844 0 -24.3
14.773 0 -24.5
14.844 0 -24.55
14.915 0 -24.55
14.844 0 -24.4
14.915 0 -24.15
14.844 0 -23.95
14.915 0 -23.55
14.985 0 -23.05
14.915 0 -22.4
14.985 0 -21.6
14.915 0 -20.65
14.985 0 -19.5
15.056 0 -18.25
14.985 0 -16.75
15.056 0 -15.05
14.985 0 -13.05
15.056 0 -10.8
15.127 0 -11.9
15.056 0 -13.95
15.127 0 -16
15.056 0 -17.5
15.127 0 -18.95
15.197 0 -20.1
15.127 0 -21.15
15.197 0 -21.9
15.127 0 -22.7
15.197 0 -23.3
15.268 0 -23.75
15.197 0 -24.1
15.268 0 -24.3
15.197 0 -24.45
15.268 0 -24.55
15.339 0 -24.55
15.268 0 -24.4
15.339 0 -24.2
15.268 0 -23.95
15.339 0 -23.45
15.41 0 -23
15.339 0 -22.35
15.41 0 -21.6
15.339 0 -20.55
15.41 0 -19.6
15.48 0 -18.3
15.41 0 -16.85
15.48 0 -15.05
15.41 0 -13.15
15.48 0 -11
15.551 0 -12.75
15.48 0 -14.8
15.551 0 -16.75
15.48 0 -18.05
15.551 0 -19.45
15.622 0 -20.5
15.551 0 -21.55
15.622 0 -22.35
15.551 0 -23.1
15.622 0 -23.5
15.692 0 -24
15.622 0 -24.3
15.692 0 -24.45
15.622 0 -24.65
15.692 0 -24.75
15.763 0 -24.65
15.692 0 -24.4
15.763 0 -24.2
15.692 0 -23.9
15.763 0 -23.4
15.834 0 -22.8
15.763 0 -22.15
15.834 0 -21.25
15.763 0 -20.25
15.834 0 -19.05
15.904 0 -17.8
15.834 0 -16.25
15.904 0 -14.35
15.834 0 -12.25
15.904 0 -10.55
15.975 0 -12.65
15.904 0 -14.75
15.975 0 -16.6
15.904 0 -18
15.975 0 -19.3
16.046 0 -20.4
15.975 0 -21.45
16.046 0 -22.3
15.975 0 -22.9
16.046 0 -23.45
16.116 0 -23.9
16.046 0 -24.2
16.116 0 -24.45
16.046 0 -24.6
16.116 0 -24.65
16.187 0 -24.6
16.116 0 -24.4
16.187 0 -24.15
16.116 0 -23.9
16.187 0 -23.4
16.258 0 -22.85
16.187 0 -22.15
16.258 0 -21.45
16.187 0 -20.3
16.258 0 -19.3
16.328 0 -17.95
16.258 0 -16.5
16.328 0 -14.75
16.258 0 -12.65
16.328 0 -10.35
16.399 0 -12.1
16.328 0 -14.2
16.399 0 -16.15
16.328 0 -17.7
16.399 0 -19.1
16.47 0 -20.25
16.399 0 -21.2
16.47 0 -21.95
16.399 0 -22.65
16.47 0 -23.3
16.54 0 -23.75
16.47 0 -24.15
16.54 0 -24.3
16.47 0 -24.55
16.54 0 -24.6
16.611 0 -24.55
16.54 0 -24.4
16.611 0 -24.15
16.54 0 -23.9
16.611 0 -23.45
16.682 0 -22.95
16.611 0 -22.3
16.682 0 -21.45
16.611 0 -20.5
16.682 0 -19.45
16.753 0 -18.25
16.682 0 -16.8
16.753 0 -14.9
16.682 0 -13.1
16.753 0 -10.75
16.823 0 -11.8
16.753 0 -13.95
16.823 0 -15.9
16.753 0 -17.45
16.823 0 -18.95
16.894 0 -20.05
16.823 0 -21.15
16.894 0 -21.9
16.823 0 -22.65
16.894 0 -23.35
16.965 0 -23.75
16.894 0 -24.15
16.965 0 -24.35
16.894 0 -24.55
