0 0 -24.25
-0.071 0 -24.2
0 0 -24.05
-0.071 0 -23.85
0 0 -23.6
0.071 0 -23.25
0 0 -22.85
0.071 0 -22.35
0 0 -21.75
0.071 0 -21.1
0.141 0 -20.35
0.071 0 -19.55
0.141 0 -18.35
0.071 0 -17.5
0.141 0 -16.3
0.212 0 -14.95
0.141 0 -13.2
0.212 0 -11.55
0.141 0 -11
0.212 0 -12.95
0.283 0 -14.55
0.212 0 -16.05
0.283 0 -17.25
0.212 0 -18.45
0.283 0 -19.6
0.353 0 -20.35
0.283 0 -21.1
0.353 0 -21.75
0.283 0 -22.4
0.353 0 -22.9
0.424 0 -23.35
0.353 0 -23.7
0.424 0 -24
0.353 0 -24.1
0.424 0 -24.3
0.495 0 -24.5
0.424 0 -24.5
0.495 0 -24.45
0.424 0 -24.4
0.495 0 -24.2
0.565 0 -24.05
0.495 0 -23.8
0.565 0 -23.45
0.495 0 -23.15
0.565 0 -22.6
0.636 0 -21.95
0.565 0 -21.35
0.636 0 -20.5
0.565 0 -19.6
0.636 0 -18.55
0.707 0 -17.7
0.636 0 -16.55
0.707 0 -15.15
0.636 0 -13.5
0.707 0 -11.5
0.778 0 -10.1
0.707 0 -11.6
0.778 0 -13.3
0.707 0 -14.85
0.778 0 -16.4
0.848 0 -17.6
0.778 0 -18.7
0.848 0 -19.75
0.778 0 -20.35
0.848 0 -21.2
0.919 0 -21.85
0.848 0 -22.45
0.919 0 -22.9
0.848 0 -23.35
0.919 0 -23.6
0.99 0 -23.95
0.919 0 -24.15
0.99 0 -24.25
0.919 0 -24.3
0.99 0 -24.3
1.06 0 -24.3
0.99 0 -24.2
1.06 0 -24.1
0.99 0 -23.85
1.06 0 -23.55
1.131 0 -23.25
1.06 0 -22.55
1.131 0 -22.25
1.06 0 -21.7
1.131 0 -20.95
1.202 0 -20.2
1.131 0 -19.2
1.202 0 -18.35
1.131 0 -17.2
1.202 0 -15.95
1.272 0 -14.5
1.202 0 -12.9
1.272 0 -11.15
1.202 0 -10.4
1.272 0 -12.4
1.343 0 -14.45
1.272 0 -15.5
1.343 0 -16.85
1.272 0 -18.1
1.343 0 -19
1.414 0 -19.95
1.343 0 -20.75
1.414 0 -21.5
1.343 0 -22.1
1.414 0 -22.6
1.484 0 -23.05
1.414 0 -23.45
1.484 0 -23.7
1.414 0 -23.9
1.484 0 -24.15
1.555 0 -24.2
1.484 0 -24.3
1.555 0 -24.3
1.484 0 -24.25
1.555 0 -24.2
1.626 0 -24.05
1.555 0 -23.75
1.626 0 -23.4
1.555 0 -23
1.626 0 -22.65
1.696 0 -22.15
1.626 0 -21.6
1.696 0 -20.9
1.626 0 -20
1.696 0 -19
1.767 0 -18.05
1.696 0 -16.55
1.767 0 -15.65
1.696 0 -14.2
1.767 0 -12.5
1.838 0 -10.5
1.767 0 -11.45
1.838 0 -12.75
1.767 0 -14.4
1.838 0 -15.9
1.909 0 -17.2
1.838 0 -18.3
1.909 0 -19.3
1.838 0 -20.15
1.909 0 -21.05
1.979 0 -21.7
1.909 0 -22.25
1.979 0 -22.75
1.909 0 -23.2
1.979 0 -23.55
2.05 0 -23.75
1.979 0 -24
2.05 0 -24.2
1.979 0 -24.25
2.05 0 -24.3
2.121 0 -24.25
2.05 0 -24.2
2.121 0 -24.15
2.05 0 -23.9
2.121 0 -23.6
2.191 0 -23.35
2.121 0 -22.85
2.191 0 -22.4
2.121 0 -21.8
2.191 0 -21.2
2.262 0 -20.45
2.191 0 -19.65
2.262 0 -18.75
2.191 0 -17.55
2.262 0 -16.15
2.333 0 -14.95
2.262 0 -13.5
2.333 0 -11.75
2.262 0 -10.95
2.333 0 -12.65
2.403 0 -14.4
2.333 0 -15.9
2.403 0 -17.2
2.333 0 -18.45
2.403 0 -19.65
2.474 0 -20.45
2.403 0 -21.1
2.474 0 -21.75
2.403 0 -22.35
2.474 0 -22.9
2.545 0 -23.35
2.474 0 -23.65
2.545 0 -23.95
2.474 0 -24.2
2.545 0 -24.3
2.615 0 -24.5
2.545 0 -24.55
2.615 0 -24.5
2.545 0 -24.45
2.615 0 -24.2
2.686 0 -24.15
2.615 0 -23.8
2.686 0 -23.4
2.615 0 -22.9
2.686 0 -22.55
2.757 0 -22
2.686 0 -21.2
2.757 0 -20.6
2.686 0 -19.75
2.757 0 -18.8
2.827 0 -17.6
2.757 0 -16.2
2.827 0 -15.05
2.757 0 -13.5
2.827 0 -11.85
2.898 0 -10.15
2.827 0 -11.75
2.898 0 -13.5
2.827 0 -15.35
2.898 0 -16.4
2.969 0 -17.6
2.898 0 -18.65
2.969 0 -19.65
2.898 0 -20.55
2.969 0 -21.2
3.039 0 -21.9
2.969 0 -22.55
3.039 0 -23.1
2.969 0 -23.35
3.039 0 -23.65
3.11 0 -23.95
3.039 0 -24.2
3.11 0 -24.25
3.039 0 -24.3
3.11 0 -24.3
3.181 0 -24.3
3.11 0 -24.2
3.181 0 -24.1
3.11 0 -23.85
3.181 0 -23.55
3.252 0 -23.25
3.181 0 -22.65
3.252 0 -22.25
3.181 0 -21.4
3.252 0 -21.1
3.322 0 -20.25
3.252 0 -19.1
3.322 0 -18.4
3.252 0 -17
3.322 0 -16.1
3.393 0 -14.65
3.322 0 -12.95
3.393 0 -11.25
3.322 0 -10.35
3.393 0 -12.7
3.464 0 -13.85
3.393 0 -15.5
3.464 0 -16.85
3.393 0 -17.95
3.464 0 -19.1
3.534 0 -20.05
3.464 0 -20.9
3.534 0 -21.45
3.464 0 -22.1
3.534 0 -22.55
3.605 0 -23.15
3.534 0 -23.45
3.605 0 -23.7
3.534 0 -23.95
3.605 0 -24.15
3.676 0 -24.25
3.605 0 -24.3
3.676 0 -24.3
3.605 0 -24.25
3.676 0 -24.15
3.746 0 -24
3.676 0 -23.75
3.746 0 -23.45
3.676 0 -23.15
3.746 0 -22.6
3.817 0 -22.15
3.746 0 -21.55
3.817 0 -20.9
3.746 0 -20
3.817 0 -19
3.888 0 -18.15
3.817 0 -16.95
3.888 0 -15.7
3.817 0 -14.2
3.888 0 -12.65
3.958 0 -10.7
3.888 0 -11.05
3.958 0 -12.7
3.888 0 -14.35
3.958 0 -15.8
4.029 0 -17.1
3.958 0 -18.25
4.029 0 -19.25
3.958 0 -20.1
4.029 0 -20.95
4.1 0 -21.65
4.029 0 -22.25
4.1 0 -22.85
4.029 0 -23.2
4.1 0 -23.5
4.17 0 -23.85
4.1 0 -24.1
4.17 0 -24.1
4.1 0 -24.25
4.17 0 -24.25
4.241 0 -24.25
4.17 0 -24.2
4.241 0 -24.3
4.17 0 -23.9
4.241 0 -23.65
4.312 0 -23.35
4.241 0 -22.9
4.312 0 -22.4
4.241 0 -21.9
4.312 0 -21.2
4.383 0 -20.45
4.312 0 -19.6
4.383 0 -18.55
4.312 0 -17.45
4.383 0 -16.35
4.453 0 -14.9
4.383 0 -13.35
4.453 0 -11.45
4.383 0 -11.95
4.453 0 -12.85
4.524 0 -14.5
4.453 0 -15.95
4.524 0 -17.2
4.453 0 -18.35
4.524 0 -19.4
4.595 0 -20.35
4.524 0 -21.3
4.595 0 -21.8
4.524 0 -22.35
4.595 0 -22.9
4.665 0 -23.35
4.595 0 -23.65
4.665 0 -23.95
4.595 0 -24.2
4.665 0 -24.4
4.736 0 -24.45
4.665 0 -24.5
4.736 0 -24.5
4.665 0 -24.45
4.736 0 -24.25
4.807 0 -24.1
4.736 0 -23.85
4.807 0 -23.45
4.736 0 -23.1
4.807 0 -22.55
4.877 0 -22
4.807 0 -21.35
4.877 0 -20.5
4.807 0 -19.7
4.877 0 -18.7
4.948 0 -17.55
4.877 0 -16.3
4.948 0 -15.15
4.877 0 -13.55
4.948 0 -11.9
5.019 0 -10.15
4.948 0 -11.7
5.019 0 -13.45
4.948 0 -15.4
5.019 0 -16.4
5.089 0 -17.6
5.019 0 -18.7
5.089 0 -19.65
5.019 0 -20.55
5.089 0 -21.25
5.16 0 -21.9
5.089 0 -22.5
5.16 0 -22.9
5.089 0 -23.4
5.16 0 -23.65
5.231 0 -24
5.16 0 -24.1
5.231 0 -24.3
5.16 0 -24.3
5.231 0 -24.3
5.301 0 -24.3
5.231 0 -24.15
5.301 0 -24
5.231 0 -23.85
5.301 0 -23.55
5.372 0 -23.25
5.301 0 -22.75
5.372 0 -22.3
5.301 0 -21.65
5.372 0 -21
5.443 0 -20.15
5.372 0 -19
5.443 0 -18.35
5.372 0 -17.3
5.443 0 -16.05
5.513 0 -14.6
5.443 0 -12.2
5.513 0 -11.25
5.443 0 -10.2
5.513 0 -12.25
5.584 0 -13.85
5.513 0 -15.8
5.584 0 -16.75
5.513 0 -17.9
5.584 0 -18.95
5.655 0 -19.9
5.584 0 -20.75
5.655 0 -21.45
5.584 0 -22
5.655 0 -22.6
5.726 0 -23
5.655 0 -23.45
5.726 0 -23.75
5.655 0 -23.95
5.726 0 -24.2
5.796 0 -24.25
5.726 0 -24.35
5.796 0 -24.3
5.726 0 -24.25
5.796 0 -24.2
5.867 0 -24.05
5.796 0 -23.8
5.867 0 -23.45
5.796 0 -22.95
5.867 0 -22.7
5.938 0 -22.2
5.867 0 -21.6
5.938 0 -20.85
5.867 0 -20
5.938 0 -18.95
6.008 0 -18.05
5.938 0 -16.6
6.008 0 -15.6
5.938 0 -14.1
6.008 0 -12.5
6.079 0 -10.7
6.008 0 -11.55
6.079 0 -12.7
6.008 0 -14.6
6.079 0 -15.85
6.15 0 -17.15
6.079 0 -18.25
6.15 0 -19.3
6.079 0 -20.1
6.15 0 -21.05
6.22 0 -21.7
6.15 0 -22.25
6.22 0 -22.75
6.15 0 -23.25
6.22 0 -23.5
6.291 0 -23.8
6.22 0 -24.05
6.291 0 -24.1
6.22 0 -24.25
6.291 0 -24.3
6.362 0 -24.2
6.291 0 -24.15
6.362 0 -24.05
6.291 0 -23.9
6.362 0 -23.7
6.432 0 -23.35
6.362 0 -22.95
6.432 0 -22.45
6.362 0 -21.75
6.432 0 -21.25
6.503 0 -20.45
6.432 0 -19.65
6.503 0 -18.65
6.432 0 -17.35
6.503 0 -16.5
6.574 0 -15.1
6.503 0 -13.2
6.574 0 -11.75
6.503 0 -10.85
6.574 0 -12.75
6.644 0 -14.45
6.574 0 -16.05
6.644 0 -17.3
6.574 0 -18.45
6.644 0 -19.3
6.715 0 -20.25
6.644 0 -21.35
6.715 0 -21.8
6.644 0 -22.4
6.715 0 -22.9
6.786 0 -23.4
6.715 0 -23.65
6.786 0 -23.95
6.715 0 -24.25
6.786 0 -24.3
6.857 0 -24.45
6.786 0 -24.5
6.857 0 -24.5
6.786 0 -24.35
6.857 0 -24.25
6.927 0 -24.1
6.857 0 -23.75
6.927 0 -23.45
6.857 0 -22.85
6.927 0 -22.6
6.998 0 -22
6.927 0 -21.4
6.998 0 -20.6
6.927 0 -19.6
6.998 0 -18.9
7.069 0 -17.8
6.998 0 -16.55
7.069 0 -15.15
6.998 0 -13.6
7.069 0 -11.85
7.139 0 -10.15
7.069 0 -11.7
7.139 0 -13.3
7.069 0 -15
7.139 0 -16.25
7.21 0 -17.5
7.139 0 -18.6
7.21 0 -19.55
7.139 0 -20.4
7.21 0 -21.25
7.281 0 -21.8
7.21 0 -22.45
7.281 0 -22.95
7.21 0 -23.4
7.281 0 -23.7
7.351 0 -23.95
7.281 0 -24.15
7.351 0 -24.25
7.281 0 -24.3
7.351 0 -24.4
7.422 0 -24.3
7.351 0 -24.2
7.422 0 -24.1
7.351 0 -23.85
7.422 0 -23.55
7.493 0 -23.3
7.422 0 -22.75
7.493 0 -22.25
7.422 0 -21.65
7.493 0 -20.95
7.563 0 -20.2
7.493 0 -19.4
7.563 0 -18.4
7.493 0 -17.25
7.563 0 -16
7.634 0 -14.6
7.563 0 -12.85
7.634 0 -11.2
7.563 0 -10.3
7.634 0 -12.35
7.705 0 -14.2
7.634 0 -15.7
7.705 0 -16.85
7.634 0 -18.1
7.705 0 -19
7.775 0 -19.9
7.705 0 -20.75
7.775 0 -21.5
7.705 0 -22.1
7.775 0 -22.6
7.846 0 -23.15
7.775 0 -23.45
7.846 0 -23.75
7.775 0 -24.05
7.846 0 -24.2
7.917 0 -24.25
7.846 0 -24.35
7.917 0 -24.3
7.846 0 -24.25
7.917 0 -24.25
8.058 0 -24.05
7.917 0 -23.7
8.058 0 -23.5
7.917 0 -23.2
8.058 0 -22.65
8.129 0 -22.05
8.058 0 -21.6
8.129 0 -20.95
8.058 0 -20.1
8.129 0 -19.1
8.2 0 -18.05
8.129 0 -16.95
8.2 0 -15.3
8.129 0 -14.2
8.2 0 -11.65
8.27 0 -10.7
8.2 0 -10.9
8.27 0 -12.75
8.2 0 -14.45
8.27 0 -15.9
8.341 0 -17.15
8.27 0 -18.4
8.341 0 -19.5
8.27 0 -20.15
8.341 0 -21
8.412 0 -21.65
8.341 0 -22.25
8.412 0 -22.75
8.341 0 -23.2
8.412 0 -23.5
8.482 0 -23.85
8.412 0 -24.05
8.482 0 -24.15
8.412 0 -24.25
8.482 0 -24.25
8.553 0 -24.25
8.482 0 -24.15
8.553 0 -23.95
8.482 0 -23.85
8.553 0 -23.6
8.624 0 -23.35
8.553 0 -22.85
8.624 0 -22.2
8.553 0 -21.85
8.624 0 -21.25
8.694 0 -20.5
8.624 0 -19.55
8.694 0 -18.5
8.624 0 -17.55
8.694 0 -16.45
8.765 0 -15.05
8.694 0 -13.55
8.765 0 -11.4
8.694 0 -10.9
8.765 0 -13.4
8.836 0 -14.4
8.765 0 -15.85
8.836 0 -17.15
8.765 0 -18.3
8.836 0 -19.3
8.906 0 -20.2
8.836 0 -21
8.906 0 -21.75
8.836 0 -22.3
8.906 0 -22.85
8.977 0 -23.4
8.906 0 -23.65
8.977 0 -23.95
8.906 0 -24.15
8.977 0 -24.3
9.048 0 -24.45
8.977 0 -24.55
9.048 0 -24.4
8.977 0 -24.35
9.048 0 -24.2
9.118 0 -24.05
9.048 0 -23.85
9.118 0 -23.45
9.048 0 -23.1
9.118 0 -22.5
9.189 0 -21.9
9.118 0 -21.35
9.189 0 -20.5
9.118 0 -19.75
9.189 0 -18.9
9.26 0 -17.75
9.189 0 -16.5
9.26 0 -15.15
9.189 0 -13.55
9.26 0 -11.95
9.331 0 -10.2
9.26 0 -11.6
9.331 0 -13.45
9.26 0 -14.95
9.331 0 -16.45
9.401 0 -17.85
9.331 0 -18.65
9.401 0 -19.6
9.331 0 -20.45
9.401 0 -21.25
9.472 0 -21.85
9.401 0 -22.5
9.472 0 -23
9.401 0 -23.35
9.472 0 -23.65
9.543 0 -23.95
9.472 0 -24.2
9.543 0 -24.3
9.472 0 -24.3
9.543 0 -24.35
9.613 0 -24.3
9.543 0 -24.25
9.613 0 -24.05
9.543 0 -23.9
9.613 0 -23.55
9.684 0 -23.3
9.613 0 -22.8
9.684 0 -22.25
9.613 0 -21.75
9.684 0 -20.75
9.755 0 -20.3
9.684 0 -19.4
9.755 0 -18.45
9.684 0 -17.35
9.755 0 -16.1
9.825 0 -14.65
9.755 0 -13
9.825 0 -10.85
9.755 0 -10.3
9.825 0 -12.2
9.896 0 -13.95
9.825 0 -15.45
9.896 0 -16.85
9.825 0 -18.2
9.896 0 -19.35
9.967 0 -19.9
9.896 0 -20.7
9.967 0 -21.45
9.896 0 -22.1
9.967 0 -22.6
10.037 0 -23.1
9.967 0 -23.45
10.037 0 -23.8
9.967 0 -23.95
10.037 0 -24.1
10.108 0 -24.3
10.037 0 -24.3
10.108 0 -24.3
10.037 0 -24.3
10.108 0 -24.15
10.179 0 -24.05
10.108 0 -23.8
10.179 0 -23.5
10.108 0 -23.1
10.179 0 -22.6
10.249 0 -21.95
10.179 0 -21.6
10.249 0 -20.85
10.179 0 -20.1
10.249 0 -19.15
10.32 0 -18
10.249 0 -17
10.32 0 -15.65
10.249 0 -14.3
10.32 0 -11.85
10.391 0 -10.8
10.32 0 -10.8
10.391 0 -12.65
10.32 0 -14.35
10.391 0 -15.95
10.462 0 -17.2
10.391 0 -18.15
10.462 0 -19.3
10.391 0 -20.05
10.462 0 -20.95
10.532 0 -21.55
10.462 0 -22.2
10.532 0 -22.9
10.462 0 -23.15
10.532 0 -23.55
10.603 0 -23.8
10.532 0 -24
10.603 0 -24.2
10.532 0 -24.25
10.603 0 -24.3
10.674 0 -24.25
10.603 0 -24.2
10.674 0 -24.1
10.603 0 -23.9
10.674 0 -23.6
10.744 0 -23.35
10.674 0 -22.8
10.744 0 -22.4
10.674 0 -21.85
10.744 0 -21.25
10.815 0 -20.4
10.744 0 -19.55
10.815 0 -18.45
10.744 0 -17.55
10.815 0 -16.35
10.886 0 -14.9
10.815 0 -13.35
10.886 0 -11.45
10.815 0 -11.1
10.886 0 -12.9
10.956 0 -14.5
10.886 0 -15.95
10.956 0 -17.3
10.886 0 -18.35
10.956 0 -19.75
11.027 0 -20.4
10.956 0 -21.1
11.027 0 -21.9
10.956 0 -22.35
11.027 0 -22.85
11.098 0 -23.35
11.027 0 -23.7
11.098 0 -24
11.027 0 -24.2
11.098 0 -24.3
11.168 0 -24.45
11.098 0 -24.5
11.168 0 -24.4
11.098 0 -24.4
11.168 0 -24.25
11.239 0 -24.05
11.168 0 -23.7
11.239 0 -23.3
11.168 0 -23.15
11.239 0 -22.6
11.31 0 -22.05
11.239 0 -21.45
11.31 0 -20.7
11.239 0 -19.75
11.31 0 -18.9
11.38 0 -17.75
11.31 0 -16.55
11.38 0 -15.2
11.31 0 -13.65
11.38 0 -12
11.451 0 -10.15
11.38 0 -11.65
11.451 0 -13.4
11.38 0 -15.2
11.451 0 -16.6
11.522 0 -17.95
11.451 0 -18.7
11.522 0 -19.65
11.451 0 -20.5
11.522 0 -21.5
11.592 0 -21.85
11.522 0 -22.45
11.592 0 -23.1
11.522 0 -23.4
11.592 0 -23.7
11.663 0 -23.95
11.592 0 -24.15
11.663 0 -24.3
11.592 0 -24.35
11.663 0 -24.35
11.734 0 -24.35
11.663 0 -24.2
11.734 0 -24.05
11.663 0 -23.9
11.734 0 -23.55
11.805 0 -23.3
11.734 0 -22.8
11.805 0 -22.25
11.734 0 -21.7
11.805 0 -20.9
11.875 0 -20.1
11.805 0 -19.45
11.875 0 -18.45
11.805 0 -17.3
11.875 0 -16.15
11.946 0 -14.8
11.875 0 -13.15
11.946 0 -11.4
11.875 0 -10.15
11.946 0 -12.5
12.017 0 -13.75
11.946 0 -15.35
12.017 0 -16.7
11.946 0 -17.95
12.017 0 -19.05
12.087 0 -19.9
12.017 0 -20.65
12.087 0 -21.35
12.017 0 -22
12.087 0 -22.6
12.158 0 -23.1
12.087 0 -23.45
12.158 0 -23.75
12.087 0 -24.05
12.158 0 -24.15
12.229 0 -24.3
12.158 0 -24.35
12.229 0 -24.3
12.158 0 -24.25
12.229 0 -24.15
12.299 0 -24.1
12.229 0 -23.8
12.299 0 -23.5
12.229 0 -23.2
12.299 0 -22.7
12.37 0 -22.15
12.299 0 -21.6
12.37 0 -20.9
12.299 0 -20
12.37 0 -18.9
12.441 0 -17.8
12.37 0 -16.95
12.441 0 -15.7
12.37 0 -14.2
12.441 0 -12.55
12.511 0 -10.75
12.441 0 -11.05
12.511 0 -12.8
12.441 0 -14.5
12.511 0 -16.15
12.582 0 -17.1
12.511 0 -18.25
12.582 0 -19.25
12.511 0 -20.15
12.582 0 -21
12.653 0 -21.7
12.582 0 -22.25
12.653 0 -22.75
12.582 0 -23.3
12.653 0 -23.45
12.723 0 -23.75
12.653 0 -24.05
12.723 0 -24.15
12.653 0 -24.3
12.723 0 -24.25
12.794 0 -24.25
12.723 0 -24.2
12.794 0 -24.05
12.723 0 -23.9
12.794 0 -23.65
12.865 0 -23.25
12.794 0 -22.95
12.865 0 -22.45
12.794 0 -21.95
12.865 0 -21.25
12.936 0 -20.4
12.865 0 -19.65
12.936 0 -18.75
12.865 0 -17.65
12.936 0 -16.5
13.006 0 -15.05
12.936 0 -13.45
13.006 0 -11.7
12.936 0 -10.95
13.006 0 -12.75
13.077 0 -14.45
13.006 0 -15.95
13.077 0 -17.3
13.006 0 -18.6
13.077 0 -19.7
13.148 0 -20.25
13.077 0 -21.2
13.148 0 -21.75
13.077 0 -22.4
13.148 0 -22.85
13.218 0 -23.35
13.148 0 -23.6
13.218 0 -23.95
13.148 0 -24.15
13.218 0 -24.3
13.289 0 -24.45
13.218 0 -24.5
13.289 0 -24.5
13.218 0 -24.35
13.289 0 -24.25
13.36 0 -24
13.289 0 -23.8
13.36 0 -23.45
13.289 0 -23.1
13.36 0 -22.6
13.43 0 -22
13.36 0 -21.35
13.43 0 -20.7
13.36 0 -19.85
13.43 0 -18.9
13.501 0 -17.85
13.43 0 -16.5
13.501 0 -15
13.43 0 -13.3
13.501 0 -12
13.572 0 -10.2
13.501 0 -11.5
13.572 0 -13.35
13.501 0 -15.25
13.572 0 -16.3
13.642 0 -17.5
13.572 0 -18.6
13.642 0 -19.6
13.572 0 -20.5
13.642 0 -21.2
13.713 0 -21.9
13.642 0 -22.55
13.713 0 -23
13.642 0 -23.35
13.713 0 -23.65
13.784 0 -24
13.713 0 -24.15
13.784 0 -24.25
13.713 0 -24.35
13.784 0 -24.35
13.854 0 -24.3
13.784 0 -24.2
13.854 0 -24.1
13.784 0 -23.9
13.854 0 -23.55
13.925 0 -23.35
13.854 0 -22.85
13.925 0 -22.35
13.854 0 -21.7
13.925 0 -21
13.996 0 -20.1
13.925 0 -19.4
13.996 0 -18.4
13.925 0 -17.25
13.996 0 -16
14.066 0 -14.55
13.996 0 -12.9
14.066 0 -11.05
13.996 0 -11.05
14.066 0 -12.3
14.137 0 -13.95
14.066 0 -15.5
14.137 0 -16.9
14.066 0 -18.15
14.137 0 -19
14.208 0 -20.05
14.137 0 -20.75
14.208 0 -21.55
14.137 0 -22.05
14.208 0 -22.55
14.279 0 -23.1
14.208 0 -23.45
14.279 0 -23.7
14.208 0 -24.05
14.279 0 -24.2
14.349 0 -24.3
14.279 0 -24.35
14.349 0 -24.35
14.279 0 -24.3
14.349 0 -24.2
14.42 0 -24.05
14.349 0 -23.85
14.42 0 -23.5
14.349 0 -23.3
14.42 0 -22.75
14.491 0 -22.25
14.42 0 -21.6
14.491 0 -20.9
14.42 0 -20.05
14.491 0 -19.1
14.561 0 -17.9
14.491 0 -17.1
14.561 0 -15.75
14.491 0 -14.3
14.561 0 -12.75
14.632 0 -10.8
14.561 0 -10.75
14.632 0 -12.75
14.561 0 -14.6
14.632 0 -16.2
14.703 0 -17.1
14.632 0 -18.2
14.703 0 -19.3
14.632 0 -20.1
14.703 0 -20.9
14.773 0 -21.7
14.703 0 -22.25
14.773 0 -22.7
14.703 0 -23.25
14.773 0 -23.55
14.844 0 -23.75
14.773 0 -24.05
14.844 0 -24.15
14.773 0 -24.25
