0 0 -29.1
0.071 0 -29.1
0 0 -29.1
0.071 0 -29.05
0 0 -29
0.071 0 -29
0 0 -29
0.071 0 -28.95
0 0 -28.8
0.071 0 -28.8
0 0 -28.7
0.071 0 -28.7
0 0 -28.55
0.071 0 -28.55
0 0 -28.45
0.071 0 -28.35
0 0 -28.25
0.071 0 -28.15
0 0 -28.05
0.071 0 -27.95
0 0 -27.85
0.071 0 -27.85
0 0 -27.65
0.071 0 -27.5
0 0 -27.3
0.071 0 -27.15
0 0 -27.15
0.071 0 -26.85
0 0 -26.75
0.071 0 -26.4
0 0 -26.35
0.071 0 -26
0 0 -25.9
0.071 0 -25.65
0 0 -25.45
0.071 0 -25.1
0 0 -24.85
0.071 0 -24.6
0 0 -24.3
0.071 0 -24
0 0 -23.75
0.071 0 -23.35
0 0 -22.9
0.071 0 -22.7
0 0 -22.35
0.071 0 -21.95
0 0 -21.55
0.071 0 -21.05
0 0 -20.7
0.071 0 -20.1
0 0 -19.5
0.071 0 -19.1
0 0 -18.8
0.071 0 -18.5
0 0 -18.35
0.071 0 -18.2
0 0 -18.1
0.071 0 -18.05
0 0 -17.9
0.071 0 -17.9
0 0 -17.9
0.071 0 -17.9
0 0 -17.85
0.071 0 -17.85
0 0 -17.85
0.071 0 -17.9
0 0 -18.1
0.071 0 -18.1
0 0 -18
0.071 0 -18.05
0 0 -18.05
0.071 0 -18.1
0 0 -18.15
0.071 0 -18.25
0 0 -18.35
0.071 0 -18.45
0 0 -18.55
0.071 0 -18.65
0 0 -18.7
0.071 0 -18.8
0 0 -18.85
0.071 0 -18.9
0 0 -18.95
0.071 0 -19
0 0 -19
0.071 0 -19.1
0 0 -19.15
0.071 0 -19.15
0 0 -19.2
0.071 0 -19.25
0 0 -19.25
0.071 0 -19.2
0 0 -19.2
0.071 0 -19.25
0 0 -19.25
0.071 0 -19.2
0 0 -19.15
0.071 0 -19.2
0 0 -19.1
0.071 0 -19.1
0 0 -19.05
0.071 0 -18.9
0 0 -18.9
0.071 0 -18.85
0 0 -18.75
0.071 0 -18.8
0 0 -18.75
0.071 0 -18.65
0 0 -18.55
0.071 0 -18.5
0 0 -18.4
0.071 0 -18.3
0 0 -18.25
0.071 0 -18.25
0 0 -18.2
0.071 0 -18.15
0 0 -18.2
0.071 0 -18.1
0 0 -18.1
0.071 0 -18.05
0 0 -18
0.071 0 -17.9
0 0 -17.8
0.071 0 -17.9
0 0 -17.9
0.071 0 -17.75
0 0 -17.75
0.071 0 -17.75
0 0 -17.75
0.071 0 -17.8
0 0 -17.75
0.071 0 -17.8
0 0 -18
0.071 0 -18.4
0 0 -19.05
0.071 0 -19.6
0 0 -20.1
0.071 0 -20.45
0 0 -21.1
0.071 0 -21.5
0 0 -21.95
0.071 0 -22.35
0 0 -22.65
0.071 0 -23.1
0 0 -23.4
0.071 0 -23.7
0 0 -24.05
0.071 0 -24.3
0 0 -24.75
0.071 0 -24.95
0 0 -25.1
0.071 0 -25.4
0 0 -25.65
0.071 0 -25.8
0 0 -26
0.071 0 -26.3
0 0 -26.5
0.071 0 -26.65
0 0 -26.85
0.071 0 -27.05
0 0 -27.2
0.071 0 -27.25
0 0 -27.55
0.071 0 -27.6
0 0 -27.65
0.071 0 -27.75
0 0 -27.9
0.071 0 -27.95
0 0 -28.1
0.071 0 -28.15
0 0 -28.3
0.071 0 -28.35
0 0 -28.35
0.071 0 -28.45
0 0 -28.6
0.071 0 -28.65
0 0 -28.7
0.071 0 -28.7
0 0 -28.75
0.071 0 -28.8
0 0 -28.9
0.071 0 -28.9
0 0 -28.9
0.071 0 -28.9
0 0 -28.9
0.071 0 -28.9
0 0 -28.9
0.071 0 -28.9
0 0 -28.85
0.071 0 -28.8
0 0 -28.75
0.071 0 -28.7
0 0 -28.6
0.071 0 -28.5
0 0 -28.5
0.071 0 -28.4
0 0 -28.4
0.071 0 -28.25
0 0 -28.25
0.071 0 -28.1
0 0 -28
0.071 0 -27.9
0 0 -27.85
0.071 0 -27.7
0 0 -27.55
0.071 0 -27.45
0 0 -27.35
0.071 0 -27.1
0 0 -27
0.071 0 -26.8
0 0 -26.65
0.071 0 -26.45
0 0 -26.35
0.071 0 -26.05
0 0 -25.9
0.071 0 -25.75
0 0 -25.45
0.071 0 -25.25
0 0 -25
0.071 0 -24.85
0 0 -24.5
0.071 0 -24.25
0 0 -24.05
0.071 0 -23.8
0 0 -23.5
0.071 0 -23.35
0 0 -22.9
0.071 0 -22.7
0 0 -22.4
0.071 0 -22.05
0 0 -21.85
0.071 0 -21.5
0 0 -21.05
0.071 0 -20.75
0 0 -20.35
0.071 0 -20
0 0 -19.75
0.071 0 -19.4
0 0 -19.1
0.071 0 -18.8
0 0 -18.75
0.071 0 -18.85
0 0 -19
0.071 0 -19.2
0 0 -19.4
0.071 0 -19.55
0 0 -36.75
0.071 0 -36.75
0 0 -36.8
0.071 0 -36.8
0 0 -36.8
0.071 0 -36.8
0 0 -36.8
0.071 0 -36.7
0 0 -36.7
0.071 0 -36.8
0 0 -36.85
0.071 0 -36.8
0 0 -36.8
0.071 0 -36.8
0 0 -36.8
0.071 0 -36.8
0 0 -36.85
0.071 0 -36.8
0 0 -36.85
0.071 0 -36.8
0 0 -36.8
0.071 0 -36.8
0 0 -36.75
0.071 0 -36.8
0 0 -36.75
0.071 0 -36.75
0 0 -36.75
0.071 0 -36.75
0 0 -35.2
0.071 0 -36.75
0 0 -36.75
0.071 0 -36.75
0 0 -36.75
0.071 0 -36.75
0 0 -36.7
0.071 0 -36.75
0 0 -36.7
0.071 0 -36.7
0 0 -36.75
0.071 0 -36.7
0 0 -36.7
0.071 0 -36.65
0 0 -36.65
0.071 0 -36.6
0 0 -36.65
0.071 0 -36.65
0 0 -36.6
0.071 0 -36.55
0 0 -36.6
0.071 0 -36.6
0 0 -36.5
0.071 0 -36.55
0 0 -36.5
0.071 0 -36.5
0 0 -21.6
0.071 0 -19.45
0 0 -19.25
0.071 0 -19.05
0 0 -18.9
0.071 0 -18.65
0 0 -18.65
0.071 0 -18.9
0 0 -19.45
0.071 0 -19.85
0 0 -20.15
0.071 0 -20.5
0 0 -20.85
0.071 0 -21.25
0 0 -21.65
0.071 0 -22
0 0 -22.4
0.071 0 -22.65
0 0 -22.9
0.071 0 -23.2
0 0 -23.55
0.071 0 -23.75
0 0 -24
0.071 0 -24.3
0 0 -24.6
0.071 0 -24.95
0 0 -25.15
0.071 0 -25.35
0 0 -25.55
0.071 0 -25.75
0 0 -25.95
0.071 0 -26.3
0 0 -26.35
0.071 0 -26.55
0 0 -26.75
0.071 0 -26.95
0 0 -27.05
0.071 0 -27.25
0 0 -27.35
0.071 0 -27.5
0 0 -27.65
0.071 0 -27.85
0 0 -28
0.071 0 -28.1
0 0 -28.2
0.071 0 -28.35
0 0 -28.35
0.071 0 -28.45
0 0 -28.55
0.071 0 -28.55
0 0 -28.6
0.071 0 -28.7
0 0 -28.75
0.071 0 -28.8
0 0 -28.9
0.071 0 -28.9
0 0 -29
0.071 0 -29
0 0 -29
0.071 0 -29.05
