0 0 -29.1
0.071 0 -29.05
0 0 -29
0.071 0 -28.8
0 0 -28.7
0.071 0 -28.45
0 0 -28.15
0.071 0 -27.95
0 0 -27.55
0.071 0 -27.1
0 0 -26.5
0.071 0 -25.9
0 0 -25.15
0.071 0 -24.35
0 0 -23.3
0.071 0 -22.35
0 0 -21.2
0.071 0 -19.7
0 0 -18.6
0.071 0 -18.1
0 0 -17.85
0.071 0 -17.9
0 0 -17.85
0.071 0 -18
0 0 -18.1
0.071 0 -18.35
0 0 -18.65
0.071 0 -18.8
0 0 -19
0.071 0 -19.1
0 0 -19.25
0.071 0 -19.2
0 0 -19.2
0.071 0 -19.05
0 0 -18.95
0.071 0 -18.8
0 0 -18.65
0.071 0 -18.4
0 0 -18.2
0.071 0 -18.1
0 0 -17.95
0.071 0 -17.75
0 0 -17.7
0.071 0 -17.8
0 0 -17.75
0.071 0 -19
0 0 -20.45
0.071 0 -21.8
0 0 -23.05
0.071 0 -24.05
0 0 -24.9
0.071 0 -25.65
0 0 -26.25
0.071 0 -26.8
0 0 -27.25
0.071 0 -27.65
0 0 -27.95
0.071 0 -28.2
0 0 -28.5
0.071 0 -28.7
0 0 -28.8
0.071 0 -28.95
0 0 -28.9
0.071 0 -28.85
0 0 -28.7
0.071 0 -28.5
0 0 -28.25
0.071 0 -28
0 0 -27.7
0.071 0 -27.3
0 0 -26.8
0.071 0 -26.35
0 0 -25.65
0.071 0 -25.05
0 0 -24.35
0.071 0 -23.55
0 0 -22.7
0.071 0 -21.95
0 0 -20.8
0.071 0 -19.8
0 0 -18.85
0.071 0 -19.1
0 0 -19.5
0.071 0 -36.8
0 0 -36.8
0.071 0 -36.8
0 0 -36.75
0.071 0 -36.8
0 0 -36.8
0.071 0 -36.8
0 0 -36.8
0.071 0 -36.8
0 0 -36.8
0.071 0 -36.75
0 0 -36.7
0.071 0 -36.75
0 0 -36.7
0.071 0 -36.65
0 0 -36.6
0.071 0 -36.55
0 0 -36.5
0.071 0 -19.35
0 0 -18.7
0.071 0 -19.45
0 0 -20.55
0.071 0 -21.55
0 0 -22.6
0.071 0 -23.5
0 0 -24.3
0.071 0 -25.1
0 0 -25.75
0.071 0 -26.35
0 0 -27
0.071 0 -27.45
0 0 -27.8
0.071 0 -28.2
0 0 -28.45
0.071 0 -28.6
0 0 -28.8
0.071 0 -28.95
