0 0 -36.45
0.071 0 -36.45
0 0 -36.25
0.071 0 -36.35
0 0 -36.3
0.071 0 -36.35
0 0 -36.25
0.071 0 -36.2
0 0 -36.2
0.071 0 -36.15
0 0 -36.05
0.071 0 -36.05
0 0 -36.1
0.071 0 -36.05
0 0 -36.05
0.071 0 -36.05
0 0 -36
0.071 0 -36
0 0 -36
0.071 0 -36
0 0 -36
0.071 0 -35.9
0 0 -35.9
0.071 0 -35.85
0 0 -35.85
0.071 0 -35.9
0 0 -35.9
0.071 0 -35.9
0 0 -35.95
0.071 0 -35.95
0 0 -35.95
0.071 0 -35.95
0 0 -35.95
0.071 0 -35.95
0 0 -36
0.071 0 -35.95
0 0 -36
0.071 0 -36
0 0 -35.9
0.071 0 -35.95
0 0 -36.05
0.071 0 -36.05
0 0 -36.05
0.071 0 -36.05
0 0 -36
0.071 0 -36.1
0 0 -36.05
0.071 0 -36.1
0 0 -36.05
0.071 0 -36.15
0 0 -36.2
0.071 0 -36.25
0 0 -36.15
0.071 0 -36.25
0 0 -36.2
0.071 0 -36.35
0 0 -36.3
0.071 0 -36.3
0 0 -36.4
0.071 0 -36.4
0 0 -36.4
0.071 0 -36.45
0 0 -36.45
0.071 0 -36.5
0 0 -36.45
0.071 0 -36.55
0 0 -36.5
0.071 0 -36.6
0 0 -36.65
0.071 0 -36.65
0 0 -36.65
0.071 0 -36.7
0 0 -36.75
0.071 0 -36.8
0 0 -36.8
0.071 0 -36.85
0 0 -36.9
0.071 0 -36.9
0 0 -36.85
0.071 0 -36.9
0 0 -36.95
0.071 0 -36.95
0 0 -36.95
0.071 0 -36.9
0 0 -36.95
0.071 0 -36.95
0 0 -36.95
0.071 0 -37.05
0 0 -37
0.071 0 -36.95
0 0 -37
0.071 0 -37.05
0 0 -36.9
0.071 0 -36.9
0 0 -36.95
0.071 0 -36.95
0 0 -36.9
0.071 0 -37.05
0 0 -36.85
0.071 0 -36.9
0 0 -36.85
0.071 0 -36.85
0 0 -36.85
0.071 0 -36.85
0 0 -36.8
0.071 0 -36.8
0 0 -36.85
0.071 0 -36.75
0 0 -36.7
0.071 0 -36.7
0 0 -36.65
0.071 0 -36.7
0 0 -36.65
0.071 0 -36.5
0 0 -36.55
0.071 0 -36.5
0 0 -36.45
0.071 0 -36.35
0 0 -36.45
0.071 0 -36.4
9.967 0 -36.4
10.037 0 -36.4
9.967 0 -36.4
10.037 0 -36.35
9.967 0 -36.3
10.037 0 -36.3
9.967 0 -36.3
10.037 0 -36.2
9.967 0 -36.15
10.037 0 -36.1
9.967 0 -36.05
10.037 0 -36.05
9.967 0 -36
10.037 0 -35.95
9.967 0 -36
10.037 0 -36
9.967 0 -35.85
10.037 0 -35.9
9.967 0 -35.9
10.037 0 -35.9
9.967 0 -35.9
10.037 0 -35.8
9.967 0 -35.8
10.037 0 -35.75
9.967 0 -35.85
10.037 0 -35.85
9.967 0 -35.85
10.037 0 -35.8
9.967 0 -35.9
10.037 0 -35.8
9.967 0 -35.8
10.037 0 -35.8
9.967 0 -35.85
10.037 0 -35.9
9.967 0 -35.8
10.037 0 -35.9
9.967 0 -35.85
10.037 0 -35.9
9.967 0 -35.95
10.037 0 -35.85
9.967 0 -35.85
10.037 0 -35.9
9.967 0 -35.9
10.037 0 -35.95
9.967 0 -35.9
10.037 0 -35.95
9.967 0 -36
10.037 0 -36.05
9.967 0 -36.05
10.037 0 -36.05
9.967 0 -36.15
10.037 0 -36.1
9.967 0 -36.15
10.037 0 -36.15
9.967 0 -36.2
10.037 0 -36.2
9.967 0 -36.2
10.037 0 -36.2
9.967 0 -36.3
10.037 0 -36.4
9.967 0 -36.25
10.037 0 -36.35
9.967 0 -36.35
10.037 0 -36.4
9.967 0 -36.4
10.037 0 -36.5
9.967 0 -36.5
10.037 0 -36.5
9.967 0 -36.55
10.037 0 -36.65
9.967 0 -36.65
10.037 0 -36.75
9.967 0 -36.95
10.037 0 -37.35
9.967 0 -31.95
10.037 0 -24.3
9.967 0 -23.45
10.037 0 -22.1
9.967 0 -20.35
10.037 0 -19.2
9.967 0 -18.35
10.037 0 -18.9
9.967 0 -19.5
10.037 0 -37.05
9.967 0 -37.05
10.037 0 -37
9.967 0 -37.1
10.037 0 -37.05
9.967 0 -37.1
10.037 0 -34.3
9.967 0 -29.05
10.037 0 -27.05
9.967 0 -26.8
10.037 0 -26.3
9.967 0 -25.5
10.037 0 -25.15
9.967 0 -24.5
10.037 0 -24
9.967 0 -22.95
10.037 0 -20.8
9.967 0 -21.3
10.037 0 -20.45
9.967 0 -19.55
10.037 0 -18.9
9.967 0 -18.65
10.037 0 -20.45
9.967 0 -21.7
10.037 0 -22.65
9.967 0 -24.1
10.037 0 -29.45
9.967 0 -35.1
10.037 0 -36.95
9.967 0 -36.6
10.037 0 -36.45
9.967 0 -36.45
10.037 0 -36.35
9.967 0 -36.3
10.037 0 -36.3
9.967 0 -36.35
10.037 0 -36.25
19.933 0 -29.9
20.004 0 -29.85
19.933 0 -30.1
20.004 0 -30.15
19.933 0 -30.05
20.004 0 -30.05
19.933 0 -29.95
20.004 0 -29.75
19.933 0 -29.5
20.004 0 -29.35
19.933 0 -28.85
20.004 0 -28.7
19.933 0 -28.25
20.004 0 -27.7
19.933 0 -27.15
20.004 0 -26.35
19.933 0 -25.6
20.004 0 -24.85
19.933 0 -23.75
20.004 0 -22.7
19.933 0 -20.95
20.004 0 -19.6
19.933 0 -18.9
20.004 0 -18.75
19.933 0 -18.85
20.004 0 -19.1
19.933 0 -19.45
20.004 0 -19.55
19.933 0 -19.75
20.004 0 -20.2
19.933 0 -20.35
20.004 0 -20.6
19.933 0 -20.75
20.004 0 -20.8
19.933 0 -20.95
20.004 0 -20.9
19.933 0 -22.35
20.004 0 -20.55
19.933 0 -20.35
20.004 0 -20.15
19.933 0 -19.8
20.004 0 -19.45
19.933 0 -19
20.004 0 -18.8
19.933 0 -18.45
20.004 0 -18.35
19.933 0 -18.25
20.004 0 -18.85
19.933 0 -21
20.004 0 -22.4
19.933 0 -23.4
20.004 0 -24.75
19.933 0 -27.1
20.004 0 -26.2
19.933 0 -27.05
20.004 0 -27.7
19.933 0 -28.15
20.004 0 -28.55
19.933 0 -29.05
20.004 0 -29.3
19.933 0 -29.6
20.004 0 -29.7
19.933 0 -29.75
20.004 0 -29.95
19.933 0 -29.9
20.004 0 -29.9
19.933 0 -29.7
20.004 0 -29.65
19.933 0 -29.45
20.004 0 -29.15
19.933 0 -28.9
20.004 0 -28.6
19.933 0 -28.15
20.004 0 -27.75
19.933 0 -25.6
20.004 0 -26.15
19.933 0 -25.55
20.004 0 -24.7
19.933 0 -23.85
20.004 0 -22.5
19.933 0 -21.35
20.004 0 -19.9
19.933 0 -18.85
20.004 0 -18.5
19.933 0 -19.25
20.004 0 -20.6
19.933 0 -22.5
20.004 0 -23.4
19.933 0 -23.9
20.004 0 -24.15
19.933 0 -24.45
20.004 0 -24.4
19.933 0 -24.35
20.004 0 -24.3
19.933 0 -24.05
20.004 0 -22.4
19.933 0 -23.6
20.004 0 -23.35
19.933 0 -23.05
20.004 0 -22.6
19.933 0 -22.25
20.004 0 -21.6
19.933 0 -21.1
20.004 0 -20.35
19.933 0 -19.7
20.004 0 -18.55
19.933 0 -19.3
20.004 0 -20.5
19.933 0 -22
20.004 0 -23.1
19.933 0 -23.9
20.004 0 -25.4
19.933 0 -26.15
20.004 0 -26.8
19.933 0 -27.4
20.004 0 -28.15
19.933 0 -28.6
20.004 0 -28.9
19.933 0 -29.25
20.004 0 -29.45
29.9 0 -29.6
29.971 0 -29.6
29.9 0 -29.95
29.971 0 -29.95
29.9 0 -30.2
29.971 0 -30.2
29.9 0 -30.15
29.971 0 -30.2
29.9 0 -30.05
29.971 0 -29.85
29.9 0 -29.75
29.971 0 -29.45
29.9 0 -29.05
29.971 0 -28.85
29.9 0 -28.4
29.971 0 -27.9
29.9 0 -27.3
29.971 0 -26.55
29.9 0 -25.8
29.971 0 -24.85
29.9 0 -23.6
29.971 0 -22.4
29.9 0 -21.15
29.971 0 -19.75
29.9 0 -18.85
29.971 0 -18.6
29.9 0 -18.45
29.971 0 -18.6
29.9 0 -18.8
29.971 0 -19
29.9 0 -19.25
29.971 0 -19.45
29.9 0 -19.7
29.971 0 -19.95
29.9 0 -20.1
29.971 0 -20.35
29.9 0 -20.35
29.971 0 -20.45
29.9 0 -20.25
29.971 0 -20.1
29.9 0 -19.75
29.971 0 -19.55
29.9 0 -19.45
29.971 0 -19.15
29.9 0 -18.8
29.971 0 -18.5
29.9 0 -18.45
29.971 0 -18.25
29.9 0 -18.2
29.971 0 -18.75
29.9 0 -20.45
29.971 0 -21.7
29.9 0 -23.25
29.971 0 -24.55
29.9 0 -25.25
29.971 0 -26.25
29.9 0 -26.85
29.971 0 -27.6
29.9 0 -28.05
29.971 0 -28.5
29.9 0 -28.9
29.971 0 -29.15
29.9 0 -29.45
29.971 0 -29.65
29.9 0 -29.7
29.971 0 -29.8
29.9 0 -29.9
29.971 0 -30
29.9 0 -29.8
29.971 0 -29.75
29.9 0 -29.6
29.971 0 -29.45
29.9 0 -29.2
29.971 0 -28.85
29.9 0 -28.55
29.971 0 -27.95
29.9 0 -27.35
29.971 0 -26.8
29.9 0 -26
29.971 0 -25.2
29.9 0 -24.35
29.971 0 -23.45
29.9 0 -21.8
29.971 0 -20.6
29.9 0 -19.3
29.971 0 -18.65
29.9 0 -19.1
29.971 0 -19.85
29.9 0 -20.9
29.971 0 -21.7
29.9 0 -22.75
29.971 0 -23.3
29.9 0 -24
29.971 0 -24.3
29.9 0 -24.9
29.971 0 -25
29.9 0 -25.1
29.971 0 -24.95
29.9 0 -24.7
29.971 0 -24.1
29.9 0 -23.65
29.971 0 -23.05
29.9 0 -22.1
29.971 0 -21.55
29.9 0 -20.85
29.971 0 -19.75
29.9 0 -19.15
29.971 0 -18.8
29.9 0 -19.55
29.971 0 -20.85
29.9 0 -22.05
29.971 0 -23.1
29.9 0 -24.35
29.971 0 -25.4
29.9 0 -26.2
29.971 0 -26.85
29.9 0 -27.45
29.971 0 -28.2
29.9 0 -28.5
29.971 0 -28.9
39.867 0 -28.7
39.937 0 -28.7
39.867 0 -29.2
39.937 0 -29.45
39.867 0 -29.75
39.937 0 -29.9
39.867 0 -30
39.937 0 -30.05
39.867 0 -30.05
39.937 0 -30.05
39.867 0 -29.9
39.937 0 -29.75
39.867 0 -29.55
39.937 0 -29.25
39.867 0 -28.95
39.937 0 -28.7
39.867 0 -28.25
39.937 0 -27.8
39.867 0 -27
39.937 0 -26.45
39.867 0 -25.75
39.937 0 -24.85
39.867 0 -23.6
39.937 0 -22.35
39.867 0 -21.15
39.937 0 -19.7
39.867 0 -18.65
39.937 0 -18.5
39.867 0 -18.55
39.937 0 -18.45
39.867 0 -18.5
39.937 0 -18.8
39.867 0 -18.85
39.937 0 -19.1
39.867 0 -19.25
39.937 0 -19.5
39.867 0 -19.6
39.937 0 -19.7
39.867 0 -19.75
39.937 0 -19.65
39.867 0 -19.6
39.937 0 -19.55
39.867 0 -19.35
39.937 0 -19.15
39.867 0 -19.1
39.937 0 -18.8
39.867 0 -18.45
39.937 0 -18.35
39.867 0 -18.2
39.937 0 -18.2
39.867 0 -18.05
39.937 0 -18.45
39.867 0 -19.8
39.937 0 -21.55
39.867 0 -22.6
39.937 0 -23.65
39.867 0 -24.95
39.937 0 -25.75
39.867 0 -26.4
39.937 0 -27.1
39.867 0 -27.8
39.937 0 -28.15
39.867 0 -28.6
39.937 0 -29.05
39.867 0 -29.25
39.937 0 -29.4
39.867 0 -29.65
39.937 0 -29.7
39.867 0 -29.85
39.937 0 -29.9
39.867 0 -29.85
39.937 0 -29.65
39.867 0 -29.5
39.937 0 -29.35
39.867 0 -29
39.937 0 -28.75
39.867 0 -28.35
39.937 0 -27.85
39.867 0 -27.45
39.937 0 -26.75
39.867 0 -25.9
39.937 0 -25.2
39.867 0 -24.4
39.937 0 -23.6
39.867 0 -21.9
39.937 0 -21
39.867 0 -19.75
39.937 0 -19.05
39.867 0 -19.15
39.937 0 -19.8
39.867 0 -20.8
39.937 0 -21.55
39.867 0 -22.3
39.937 0 -23.4
39.867 0 -24
39.937 0 -24.35
39.867 0 -24.85
39.937 0 -25
39.867 0 -25.2
39.937 0 -25.1
39.867 0 -24.95
39.937 0 -24.7
39.867 0 -24.15
39.937 0 -23.65
39.867 0 -23.05
39.937 0 -22.25
39.867 0 -21.2
39.937 0 -20.15
39.867 0 -19.45
39.937 0 -19
39.867 0 -19.75
39.937 0 -21
39.867 0 -22.1
39.937 0 -23.1
39.867 0 -24.1
39.937 0 -25.25
39.867 0 -26.05
39.937 0 -26.9
39.867 0 -27.5
39.937 0 -28
49.834 0 -27.25
49.904 0 -27.3
49.834 0 -28
49.904 0 -28.35
49.834 0 -28.6
49.904 0 -29
49.834 0 -29.1
49.904 0 -29.3
49.834 0 -29.45
49.904 0 -29.55
49.834 0 -29.55
49.904 0 -29.6
49.834 0 -29.45
49.904 0 -29.25
49.834 0 -29
49.904 0 -28.8
49.834 0 -28.5
49.904 0 -28.25
49.834 0 -27.8
49.904 0 -27.35
49.834 0 -26.5
49.904 0 -25.95
49.834 0 -25.15
49.904 0 -24.05
49.834 0 -23.2
49.904 0 -22.05
49.834 0 -20.8
49.904 0 -19.2
49.834 0 -18.9
49.904 0 -18.6
49.834 0 -18.55
49.904 0 -18.65
49.834 0 -18.85
49.904 0 -18.7
49.834 0 -18.7
49.904 0 -19
49.834 0 -19.15
49.904 0 -19.35
49.834 0 -19.5
49.904 0 -19.55
49.834 0 -19.6
49.904 0 -19.65
49.834 0 -19.5
49.904 0 -19.4
49.834 0 -19.25
49.904 0 -19.05
49.834 0 -19.05
49.904 0 -18.8
49.834 0 -18.75
49.904 0 -18.55
49.834 0 -18.45
49.904 0 -18.35
49.834 0 -18.2
49.904 0 -18.3
49.834 0 -18.6
49.904 0 -20.45
49.834 0 -21.8
49.904 0 -22.85
49.834 0 -23.85
49.904 0 -24.85
49.834 0 -25.5
49.904 0 -26.3
49.834 0 -26.95
49.904 0 -27.45
49.834 0 -27.7
49.904 0 -28.15
49.834 0 -28.45
49.904 0 -28.75
49.834 0 -28.9
49.904 0 -29
49.834 0 -29.15
49.904 0 -29.1
49.834 0 -29.05
49.904 0 -28.95
49.834 0 -28.85
49.904 0 -28.65
49.834 0 -28.45
49.904 0 -28.15
49.834 0 -27.8
49.904 0 -27.2
49.834 0 -26.75
49.904 0 -26.3
49.834 0 -25.45
49.904 0 -24.8
49.834 0 -24
49.904 0 -23.4
49.834 0 -22.35
49.904 0 -21.5
49.834 0 -20.25
49.904 0 -19.4
49.834 0 -19.45
49.904 0 -20
49.834 0 -20.75
49.904 0 -21.8
49.834 0 -22.65
49.904 0 -23.4
49.834 0 -24.15
49.904 0 -24.45
49.834 0 -24.95
49.904 0 -25.15
49.834 0 -25.3
49.904 0 -25.25
49.834 0 -25.15
49.904 0 -24.9
49.834 0 -24.45
49.904 0 -24
49.834 0 -23.3
49.904 0 -22.35
49.834 0 -21.45
49.904 0 -20.7
49.834 0 -19.85
49.904 0 -19.25
49.834 0 -19.6
49.904 0 -20.85
49.834 0 -22.35
49.904 0 -23.1
49.834 0 -23.95
49.904 0 -24.8
49.834 0 -25.55
49.904 0 -26.3
59.8 0 -25.7
59.871 0 -25.75
59.8 0 -26.2
59.871 0 -26.85
59.8 0 -27
59.871 0 -27.25
59.8 0 -27.45
59.871 0 -27.55
59.8 0 -27.65
59.871 0 -27.6
59.8 0 -27.4
59.871 0 -27.3
59.8 0 -27.55
59.871 0 -27.65
59.8 0 -27.6
59.871 0 -27.4
59.8 0 -27.1
59.871 0 -26.95
59.8 0 -26.5
59.871 0 -26.1
59.8 0 -25.6
59.871 0 -24.95
59.8 0 -24.45
59.871 0 -23.5
59.8 0 -22.8
59.871 0 -21.85
59.8 0 -21.15
59.871 0 -20.5
59.8 0 -19.9
59.871 0 -19.55
59.8 0 -19.1
59.871 0 -18.7
59.8 0 -18.65
59.871 0 -18.85
59.8 0 -18.95
59.871 0 -19
59.8 0 -18.75
59.871 0 -19
59.8 0 -19.1
59.871 0 -19.3
59.8 0 -19.45
59.871 0 -19.55
59.8 0 -19.6
59.871 0 -19.55
59.8 0 -19.45
59.871 0 -19.35
59.8 0 -19.25
59.871 0 -19
59.8 0 -19.1
59.871 0 -19.1
59.8 0 -19.1
59.871 0 -18.85
59.8 0 -18.5
59.871 0 -18.2
59.8 0 -18.2
59.871 0 -18.25
59.8 0 -18.6
59.871 0 -19.05
59.8 0 -19.1
59.871 0 -19.75
59.8 0 -20.8
59.871 0 -21.7
59.8 0 -22.75
59.871 0 -23.5
59.8 0 -24.4
59.871 0 -24.9
59.8 0 -25.3
59.871 0 -25.75
59.8 0 -26.15
59.871 0 -26.45
59.8 0 -26.6
59.871 0 -26.8
59.8 0 -26.65
59.871 0 -26.7
59.8 0 -27.05
59.871 0 -27.6
59.8 0 -27.45
59.871 0 -27.3
59.8 0 -27.2
59.871 0 -27.1
59.8 0 -27.1
59.871 0 -26.6
59.8 0 -26.4
59.871 0 -26
59.8 0 -25.6
59.871 0 -25.15
59.8 0 -24.65
59.871 0 -23.85
59.8 0 -22.75
59.871 0 -22.05
59.8 0 -21.2
59.871 0 -19.8
59.8 0 -19.65
59.871 0 -20.15
59.8 0 -20.75
59.871 0 -21.8
59.8 0 -22.55
59.871 0 -23.35
59.8 0 -24.1
59.871 0 -24.65
59.8 0 -25.05
59.871 0 -25.25
59.8 0 -25.45
59.871 0 -25.45
59.8 0 -25.3
59.871 0 -25.1
59.8 0 -24.65
59.871 0 -24.15
59.8 0 -23.4
59.871 0 -22.7
59.8 0 -21.7
59.871 0 -20.8
59.8 0 -20.15
59.871 0 -19.45
59.8 0 -20
59.871 0 -21.35
59.8 0 -22.3
59.871 0 -23.2
59.8 0 -23.9
59.871 0 -24.75
69.767 0 -24.35
69.838 0 -24.4
69.767 0 -25.35
69.838 0 -25.85
69.767 0 -26.3
69.838 0 -26.85
69.767 0 -27.15
69.838 0 -27.45
69.767 0 -27.8
69.838 0 -27.8
69.767 0 -27.9
69.838 0 -27.8
69.767 0 -27.65
69.838 0 -27.4
69.767 0 -27.05
69.838 0 -26.85
69.767 0 -26.5
69.838 0 -26.4
69.767 0 -26.05
69.838 0 -25.8
69.767 0 -25.3
69.838 0 -24.85
69.767 0 -24.45
69.838 0 -23.45
69.767 0 -22.75
69.838 0 -22.3
69.767 0 -21.95
69.838 0 -21.45
69.767 0 -21.05
69.838 0 -20.6
69.767 0 -20.25
69.838 0 -19.65
69.767 0 -19.3
69.838 0 -19.1
69.767 0 -18.95
69.838 0 -18.8
69.767 0 -19.1
69.838 0 -18.95
69.767 0 -18.8
69.838 0 -19.05
69.767 0 -19.25
69.838 0 -19.65
69.767 0 -20.15
69.838 0 -20.25
69.767 0 -20.05
69.838 0 -20
69.767 0 -20
69.838 0 -19.65
69.767 0 -19.35
69.838 0 -19.2
69.767 0 -19.25
69.838 0 -19.3
69.767 0 -19.15
69.838 0 -18.85
69.767 0 -18.65
69.838 0 -18.65
69.767 0 -18.55
69.838 0 -18.65
69.767 0 -18.8
69.838 0 -19.15
69.767 0 -19.4
69.838 0 -19.85
69.767 0 -20.3
69.838 0 -20.7
69.767 0 -21.45
69.838 0 -22
69.767 0 -22.45
69.838 0 -23.3
69.767 0 -23.7
69.838 0 -24.25
69.767 0 -24.75
69.838 0 -25.4
69.767 0 -25.9
69.838 0 -26.25
69.767 0 -26.55
69.838 0 -26.75
69.767 0 -27
69.838 0 -27.25
69.767 0 -27.5
69.838 0 -27.4
69.767 0 -27.35
69.838 0 -27.25
69.767 0 -27.15
69.838 0 -26.9
69.767 0 -26.65
69.838 0 -26.2
69.767 0 -25.9
69.838 0 -25.55
69.767 0 -24.9
69.838 0 -24.2
69.767 0 -23.1
69.838 0 -22.45
69.767 0 -21.6
69.838 0 -20.1
69.767 0 -19.85
69.838 0 -20.35
69.767 0 -21.05
69.838 0 -21.95
69.767 0 -22.7
69.838 0 -23.45
69.767 0 -24
69.838 0 -24.7
69.767 0 -25.05
69.838 0 -25.35
69.767 0 -25.55
69.838 0 -25.55
69.767 0 -25.45
69.838 0 -25.1
69.767 0 -24.85
69.838 0 -24.25
69.767 0 -23.5
69.838 0 -22.7
69.767 0 -21.9
69.838 0 -21.1
69.767 0 -20.05
69.838 0 -19.7
69.767 0 -20.05
69.838 0 -21.2
69.767 0 -22.35
69.838 0 -23.45
79.734 0 -23.15
79.804 0 -23.15
79.734 0 -24.05
79.804 0 -24.9
79.734 0 -25.5
79.804 0 -25.95
79.734 0 -26.5
79.804 0 -26.7
79.734 0 -27.15
79.804 0 -27.5
79.734 0 -27.35
79.804 0 -27.65
79.734 0 -27.65
79.804 0 -27.65
79.734 0 -27.55
79.804 0 -27.5
79.734 0 -27.35
79.804 0 -27
79.734 0 -26.95
79.804 0 -26.6
79.734 0 -26.2
79.804 0 -25.75
79.734 0 -25.2
79.804 0 -24.85
79.734 0 -24.45
79.804 0 -23.9
79.734 0 -23.45
79.804 0 -22.7
79.734 0 -22.4
79.804 0 -21.85
79.734 0 -21.2
79.804 0 -20.8
79.734 0 -20.25
79.804 0 -19.95
79.734 0 -19.65
79.804 0 -19.2
79.734 0 -19.1
79.804 0 -19.15
79.734 0 -19.25
79.804 0 -19.15
79.734 0 -18.9
79.804 0 -19.2
79.734 0 -19.5
79.804 0 -19.9
79.734 0 -20.35
79.804 0 -20.45
79.734 0 -20.65
79.804 0 -20.4
79.734 0 -20.25
79.804 0 -20
79.734 0 -19.6
79.804 0 -19.4
79.734 0 -19.4
79.804 0 -19.25
79.734 0 -19.1
79.804 0 -19
79.734 0 -18.85
79.804 0 -18.9
79.734 0 -19
79.804 0 -19.2
79.734 0 -19.2
79.804 0 -19.25
79.734 0 -19.6
79.804 0 -20
79.734 0 -20.5
79.804 0 -21.45
79.734 0 -22
79.804 0 -22.75
79.734 0 -23
79.804 0 -23.7
79.734 0 -24.1
79.804 0 -24.45
79.734 0 -25.05
79.804 0 -25.65
79.734 0 -26.05
79.804 0 -26.5
79.734 0 -26.8
79.804 0 -27.15
79.734 0 -27.35
79.804 0 -27.55
79.734 0 -27.45
79.804 0 -27.4
79.734 0 -27.4
79.804 0 -27.25
79.734 0 -27.3
79.804 0 -27.1
79.734 0 -26.9
79.804 0 -26.65
79.734 0 -26.2
79.804 0 -25.65
79.734 0 -25.1
79.804 0 -24.6
79.734 0 -23.55
79.804 0 -22.6
79.734 0 -21.8
79.804 0 -20.8
79.734 0 -20
79.804 0 -20.4
79.734 0 -21.1
79.804 0 -21.85
79.734 0 -23.05
79.804 0 -23.65
79.734 0 -24.25
79.804 0 -24.75
79.734 0 -25.15
79.804 0 -25.4
79.734 0 -25.6
79.804 0 -25.7
79.734 0 -25.55
79.804 0 -25.3
79.734 0 -25.05
79.804 0 -24.55
79.734 0 -23.85
79.804 0 -23.2
79.734 0 -22.35
79.804 0 -21.15
79.734 0 -20.45
79.804 0 -19.9
79.734 0 -20.25
79.804 0 -21.65
89.7 0 -21.1
89.771 0 -21.15
89.7 0 -22.45
89.771 0 -23.5
89.7 0 -24.05
89.771 0 -25.1
89.7 0 -25.7
89.771 0 -26.25
89.7 0 -26.6
89.771 0 -26.9
89.7 0 -27.2
89.771 0 -27.45
89.7 0 -27.55
89.771 0 -27.55
89.7 0 -27.65
89.771 0 -27.55
89.7 0 -27.6
89.771 0 -27.55
89.7 0 -27.5
89.771 0 -27.2
89.7 0 -27.15
89.771 0 -26.6
89.7 0 -26.15
89.771 0 -25.75
89.7 0 -25.2
89.771 0 -24.9
89.7 0 -24.2
89.771 0 -24
89.7 0 -23.45
89.771 0 -23.2
89.7 0 -22.65
89.771 0 -21.95
89.7 0 -21.3
89.771 0 -20.9
89.7 0 -20.45
89.771 0 -19.95
89.7 0 -19.8
89.771 0 -19.55
89.7 0 -19.45
89.771 0 -19.2
89.7 0 -19.2
89.771 0 -19.1
89.7 0 -19.2
89.771 0 -19.35
89.7 0 -19.65
89.771 0 -20.1
89.7 0 -20.6
89.771 0 -20.9
89.7 0 -21.1
89.771 0 -21
89.7 0 -20.65
89.771 0 -20.3
89.7 0 -19.95
89.771 0 -19.6
89.7 0 -19.45
89.771 0 -19.6
89.7 0 -19.35
89.771 0 -19.05
89.7 0 -19
89.771 0 -19.2
89.7 0 -19.25
89.771 0 -19.4
89.7 0 -19.6
89.771 0 -19.75
89.7 0 -19.95
89.771 0 -20.65
89.7 0 -21.3
89.771 0 -21.8
89.7 0 -22.4
89.771 0 -23.1
89.7 0 -23.5
89.771 0 -23.9
89.7 0 -24.45
89.771 0 -24.85
89.7 0 -25.25
89.771 0 -25.9
89.7 0 -26.2
89.771 0 -26.65
89.7 0 -27
89.771 0 -27.2
89.7 0 -27.35
89.771 0 -27.6
89.7 0 -27.6
89.771 0 -27.65
89.7 0 -27.7
89.771 0 -27.5
89.7 0 -27.4
89.771 0 -27.2
89.7 0 -27
89.771 0 -26.75
89.7 0 -26.35
89.771 0 -26
89.7 0 -25.45
89.771 0 -24.5
89.7 0 -23.8
89.771 0 -23.3
89.7 0 -22.05
89.771 0 -21.1
89.7 0 -20.3
89.771 0 -20.6
89.7 0 -21.25
89.771 0 -22
89.7 0 -23.05
89.771 0 -23.65
89.7 0 -24.2
89.771 0 -24.9
89.7 0 -25.2
89.771 0 -25.4
89.7 0 -27.15
89.771 0 -25.6
89.7 0 -25.55
89.771 0 -25.45
89.7 0 -25.15
89.771 0 -24.6
89.7 0 -24.05
89.771 0 -23.3
89.7 0 -22.6
89.771 0 -21.3
89.7 0 -20.5
89.771 0 -20
99.667 0 -20.35
99.738 0 -20.35
99.667 0 -20.6
99.738 0 -21.7
99.667 0 -22.8
99.738 0 -23.5
99.667 0 -24.15
99.738 0 -25.05
99.667 0 -25.6
99.738 0 -26.2
99.667 0 -26.7
99.738 0 -26.85
99.667 0 -27.25
99.738 0 -27.45
99.667 0 -27.55
99.738 0 -27.75
99.667 0 -27.7
99.738 0 -27.8
99.667 0 -27.65
99.738 0 -27.65
99.667 0 -27.45
99.738 0 -27.2
99.667 0 -26.9
99.738 0 -26.6
99.667 0 -26.3
99.738 0 -26
99.667 0 -25.35
99.738 0 -24.95
99.667 0 -24.45
99.738 0 -24.05
99.667 0 -23.8
99.738 0 -22.95
99.667 0 -22.6
99.738 0 -22.05
99.667 0 -21.7
99.738 0 -21.15
99.667 0 -20.75
99.738 0 -20.55
99.667 0 -20.15
99.738 0 -19.55
99.667 0 -19.3
99.738 0 -19.3
99.667 0 -19.35
99.738 0 -19.6
99.667 0 -19.4
99.738 0 -19.65
99.667 0 -19.85
99.738 0 -20.35
99.667 0 -20.8
99.738 0 -21.2
99.667 0 -21.35
99.738 0 -21.3
99.667 0 -21.05
99.738 0 -20.55
99.667 0 -20.1
99.738 0 -19.8
99.667 0 -19.6
99.738 0 -19.8
99.667 0 -19.6
99.738 0 -19.6
99.667 0 -19.55
99.738 0 -19.45
99.667 0 -19.45
99.738 0 -19.5
99.667 0 -19.75
99.738 0 -20.3
99.667 0 -20.65
99.738 0 -21.2
99.667 0 -21.85
99.738 0 -22.15
99.667 0 -22.45
99.738 0 -23.2
99.667 0 -23.7
99.738 0 -24.25
99.667 0 -24.75
99.738 0 -25.3
99.667 0 -26
99.738 0 -26.35
99.667 0 -26.75
99.738 0 -26.9
99.667 0 -27
99.738 0 -27.3
99.667 0 -27.45
99.738 0 -27.6
99.667 0 -27.9
99.738 0 -27.85
99.667 0 -27.95
99.738 0 -27.9
99.667 0 -27.75
99.738 0 -27.55
99.667 0 -27.3
99.738 0 -26.85
99.667 0 -26.45
99.738 0 -25.85
99.667 0 -25.5
99.738 0 -24.8
99.667 0 -24.1
99.738 0 -23.45
99.667 0 -22.4
99.738 0 -21.7
99.667 0 -20.45
99.738 0 -20.7
99.667 0 -21.3
99.738 0 -22
99.667 0 -23.05
99.738 0 -23.6
99.667 0 -24.15
99.738 0 -24.75
99.667 0 -25.05
99.738 0 -25.45
99.667 0 -25.7
99.738 0 -25.75
99.667 0 -25.65
99.738 0 -25.55
99.667 0 -25.2
99.738 0 -24.9
99.667 0 -24.1
99.738 0 -23.4
99.667 0 -22.65
99.738 0 -21.5
109.634 0 -22.2
109.704 0 -22.2
109.634 0 -20.8
109.704 0 -20.25
109.634 0 -20.6
109.704 0 -21.85
109.634 0 -22.8
109.704 0 -23.5
109.634 0 -24.15
109.704 0 -25.2
109.634 0 -25.65
109.704 0 -26.35
109.634 0 -26.6
109.704 0 -26.95
109.634 0 -27.25
109.704 0 -27.55
109.634 0 -27.7
109.704 0 -27.8
109.634 0 -27.9
109.704 0 -28.05
109.634 0 -27.85
109.704 0 -27.7
109.634 0 -27.35
109.704 0 -27.15
109.634 0 -26.9
109.704 0 -26.5
109.634 0 -26.3
109.704 0 -26
109.634 0 -25.5
109.704 0 -25.2
109.634 0 -24.95
109.704 0 -24.25
109.634 0 -23.65
109.704 0 -23.25
109.634 0 -22.6
109.704 0 -22.25
109.634 0 -21.9
109.704 0 -21.55
109.634 0 -21.2
109.704 0 -20.7
109.634 0 -20.25
109.704 0 -19.9
109.634 0 -19.6
109.704 0 -19.4
109.634 0 -19.5
109.704 0 -19.7
109.634 0 -19.65
109.704 0 -19.75
109.634 0 -20.05
109.704 0 -20.4
109.634 0 -20.95
109.704 0 -21.2
109.634 0 -21.5
109.704 0 -21.4
109.634 0 -21.2
109.704 0 -20.7
109.634 0 -20.35
109.704 0 -20.1
109.634 0 -19.75
109.704 0 -19.95
109.634 0 -19.95
109.704 0 -19.75
109.634 0 -19.6
109.704 0 -19.65
109.634 0 -19.7
109.704 0 -19.9
109.634 0 -20.25
109.704 0 -20.7
109.634 0 -21.15
109.704 0 -21.5
109.634 0 -22.2
109.704 0 -22.6
109.634 0 -23.05
109.704 0 -23.6
109.634 0 -23.95
109.704 0 -24.7
109.634 0 -25.15
109.704 0 -25.7
109.634 0 -26.35
109.704 0 -26.4
109.634 0 -26.85
109.704 0 -27
109.634 0 -27.4
109.704 0 -27.65
109.634 0 -27.85
109.704 0 -27.9
109.634 0 -28.05
109.704 0 -28.1
109.634 0 -28.1
109.704 0 -27.95
109.634 0 -27.85
109.704 0 -27.7
109.634 0 -27.4
109.704 0 -27.25
109.634 0 -26.75
109.704 0 -26.45
109.634 0 -26
109.704 0 -24.85
109.634 0 -24.25
109.704 0 -23.6
109.634 0 -22.85
109.704 0 -21.6
109.634 0 -20.8
109.704 0 -20.75
109.634 0 -21.55
109.704 0 -22.2
109.634 0 -22.85
109.704 0 -23.65
109.634 0 -24.15
109.704 0 -24.7
109.634 0 -25.1
109.704 0 -25.5
109.634 0 -25.7
109.704 0 -25.75
109.634 0 -25.7
109.704 0 -25.5
109.634 0 -25.15
109.704 0 -24.8
109.634 0 -24.25
109.704 0 -23.5
119.6 0 -23.75
119.671 0 -23.65
119.6 0 -22.6
119.671 0 -21.7
119.6 0 -21
119.671 0 -20.45
119.6 0 -20.65
119.671 0 -21.75
119.6 0 -22.65
119.671 0 -23.35
119.6 0 -24.35
119.671 0 -25.2
119.6 0 -25.8
119.671 0 -26.3
119.6 0 -26.75
119.671 0 -27.05
119.6 0 -27.45
119.671 0 -27.65
119.6 0 -27.8
119.671 0 -27.9
119.6 0 -28
119.671 0 -27.95
119.6 0 -27.9
119.671 0 -27.75
119.6 0 -27.65
119.671 0 -27.3
119.6 0 -27.15
119.671 0 -26.7
119.6 0 -26.55
119.671 0 -26.05
119.6 0 -25.8
119.671 0 -25.35
119.6 0 -24.7
119.671 0 -24.25
119.6 0 -23.9
119.671 0 -23.65
119.6 0 -23.2
119.671 0 -22.65
119.6 0 -22.15
119.671 0 -21.95
119.6 0 -21.35
119.671 0 -20.85
119.6 0 -20.65
119.671 0 -20.25
119.6 0 -20.1
119.671 0 -20
119.6 0 -20
119.671 0 -20.1
119.6 0 -20.05
119.671 0 -20.15
119.6 0 -20.5
119.671 0 -20.85
119.6 0 -21.1
119.671 0 -21.4
119.6 0 -21.4
119.671 0 -21.35
119.6 0 -21.25
119.671 0 -21.1
119.6 0 -20.85
119.671 0 -20.45
119.6 0 -20.25
119.671 0 -20.1
119.6 0 -20.1
119.671 0 -19.95
119.6 0 -19.8
119.671 0 -19.85
119.6 0 -20.25
119.671 0 -20.5
119.6 0 -21
119.671 0 -21.15
119.6 0 -21.55
119.671 0 -21.85
119.6 0 -22.3
119.671 0 -23.3
119.6 0 -23.6
119.671 0 -24.15
119.6 0 -24.65
119.671 0 -25.3
119.6 0 -25.55
119.671 0 -26
119.6 0 -26.35
119.671 0 -26.65
119.6 0 -26.9
119.671 0 -27.2
119.6 0 -27.65
119.671 0 -27.85
119.6 0 -28.25
119.671 0 -28.25
119.6 0 -28.45
119.671 0 -28.3
119.6 0 -28.35
119.671 0 -28.1
119.6 0 -27.9
119.671 0 -27.8
119.6 0 -27.55
119.671 0 -27.25
119.6 0 -27
119.671 0 -26.65
119.6 0 -26.25
119.671 0 -25.3
119.6 0 -24.75
119.671 0 -23.8
119.6 0 -23.15
119.671 0 -22.15
119.6 0 -21.25
119.671 0 -21.1
119.6 0 -21.45
119.671 0 -22.2
119.6 0 -22.9
119.671 0 -23.8
119.6 0 -24.3
119.671 0 -24.8
119.6 0 -25.2
119.671 0 -25.5
119.6 0 -25.75
119.671 0 -25.65
119.6 0 -25.75
119.671 0 -25.55
119.6 0 -25.3
119.671 0 -24.65
129.567 0 -25.05
129.638 0 -25.05
129.567 0 -24.1
129.638 0 -23.45
129.567 0 -22.6
129.638 0 -21.8
129.567 0 -21.2
129.638 0 -20.6
129.567 0 -20.95
129.638 0 -21.9
129.567 0 -22.55
129.638 0 -23.7
129.567 0 -24.25
129.638 0 -25.15
129.567 0 -25.9
129.638 0 -26.6
129.567 0 -26.9
129.638 0 -27.35
129.567 0 -27.7
129.638 0 -27.75
129.567 0 -28
129.638 0 -27.9
129.567 0 -28
129.638 0 -27.95
129.567 0 -27.8
129.638 0 -27.7
129.567 0 -27.65
129.638 0 -27.65
129.567 0 -27.3
129.638 0 -27
129.567 0 -26.75
129.638 0 -26.35
129.567 0 -26.05
129.638 0 -25.3
129.567 0 -24.95
129.638 0 -24.45
129.567 0 -24.05
129.638 0 -23.7
129.567 0 -23.35
129.638 0 -23
129.567 0 -22.45
129.638 0 -22.05
129.567 0 -21.55
129.638 0 -21
129.567 0 -20.8
129.638 0 -20.5
129.567 0 -20.5
129.638 0 -20.45
129.567 0 -20.25
129.638 0 -20.35
129.567 0 -21
129.638 0 -21.35
129.567 0 -21.9
129.638 0 -22.15
129.567 0 -22.45
129.638 0 -22.65
129.567 0 -22.7
129.638 0 -22.6
129.567 0 -22.35
129.638 0 -22.05
129.567 0 -21.7
129.638 0 -21.05
129.567 0 -20.6
129.638 0 -20.4
129.567 0 -20.15
129.638 0 -20.1
129.567 0 -20.2
129.638 0 -20.3
129.567 0 -20.55
129.638 0 -20.85
129.567 0 -21.15
129.638 0 -21.5
129.567 0 -21.9
129.638 0 -22.25
129.567 0 -22.75
129.638 0 -23.2
129.567 0 -24
129.638 0 -24.55
129.567 0 -25.1
129.638 0 -25.4
129.567 0 -25.85
129.638 0 -26.4
129.567 0 -26.65
129.638 0 -26.85
129.567 0 -27.1
129.638 0 -27.5
129.567 0 -27.8
129.638 0 -27.9
129.567 0 -28.35
129.638 0 -28.4
129.567 0 -28.35
129.638 0 -28.4
129.567 0 -28.4
129.638 0 -28.45
129.567 0 -28.25
129.638 0 -28.15
129.567 0 -27.95
129.638 0 -27.6
129.567 0 -27.2
129.638 0 -26.75
129.567 0 -26.25
129.638 0 -25.35
129.567 0 -24.9
129.638 0 -24.1
129.567 0 -23.15
129.638 0 -22.25
129.567 0 -21.35
129.638 0 -21.2
129.567 0 -21.75
129.638 0 -22.35
129.567 0 -23.3
129.638 0 -23.75
129.567 0 -24.25
129.638 0 -24.9
129.567 0 -25.45
129.638 0 -25.6
129.567 0 -25.85
129.638 0 -25.85
129.567 0 -25.85
129.638 0 -25.7
139.534 0 -25.85
139.605 0 -25.8
139.534 0 -25.55
139.605 0 -24.8
139.534 0 -24.4
139.605 0 -23.35
139.534 0 -22.8
139.605 0 -22.15
139.534 0 -21.25
139.605 0 -20.7
139.534 0 -21.05
139.605 0 -22.1
139.534 0 -22.95
139.605 0 -23.8
139.534 0 -24.45
139.605 0 -25.35
139.534 0 -26.25
139.605 0 -26.6
139.534 0 -27.05
139.605 0 -27.4
139.534 0 -27.6
139.605 0 -27.8
139.534 0 -27.95
139.605 0 -28.1
139.534 0 -28.2
139.605 0 -28.15
139.534 0 -28
139.605 0 -27.95
139.534 0 -27.85
139.605 0 -27.65
139.534 0 -27.35
139.605 0 -27.05
139.534 0 -26.75
139.605 0 -26.35
139.534 0 -26.15
139.605 0 -25.9
139.534 0 -25.2
139.605 0 -24.8
139.534 0 -24.4
139.605 0 -24
139.534 0 -23.6
139.605 0 -23.1
139.534 0 -22.8
139.605 0 -22.3
139.534 0 -21.85
139.605 0 -21.6
139.534 0 -21.3
139.605 0 -21
139.534 0 -20.7
139.605 0 -20.5
139.534 0 -20.4
139.605 0 -20.4
139.534 0 -20.4
139.605 0 -20.5
139.534 0 -20.8
139.605 0 -21.15
139.534 0 -21.65
139.605 0 -22.1
139.534 0 -22.45
139.605 0 -22.4
139.534 0 -22.05
139.605 0 -21.7
139.534 0 -21.15
139.605 0 -20.75
139.534 0 -20.4
139.605 0 -20.35
139.534 0 -20.5
139.605 0 -20.65
139.534 0 -20.85
139.605 0 -21.1
139.534 0 -21.15
139.605 0 -21.2
139.534 0 -21.4
139.605 0 -21.7
139.534 0 -22.3
139.605 0 -22.75
139.534 0 -23.45
139.605 0 -23.75
139.534 0 -24.4
139.605 0 -24.85
139.534 0 -25.2
139.605 0 -25.55
139.534 0 -26.05
139.605 0 -26.45
139.534 0 -26.95
139.605 0 -27.45
139.534 0 -27.7
139.605 0 -27.85
139.534 0 -28.1
139.605 0 -28.25
139.534 0 -28.35
139.605 0 -28.35
139.534 0 -28.4
139.605 0 -28.45
139.534 0 -28.5
139.605 0 -28.6
139.534 0 -28.45
139.605 0 -28.4
139.534 0 -28.2
139.605 0 -27.85
139.534 0 -27.6
139.605 0 -27
139.534 0 -26.4
139.605 0 -25.6
139.534 0 -25
139.605 0 -24.2
139.534 0 -23.6
139.605 0 -22.35
139.534 0 -21.5
139.605 0 -21.35
139.534 0 -21.85
139.605 0 -22.45
139.534 0 -23.4
139.605 0 -24.05
139.534 0 -24.65
139.605 0 -25.05
139.534 0 -25.55
139.605 0 -25.85
139.534 0 -25.95
139.605 0 -26.05
149.501 0 -26.15
149.571 0 -26.2
149.501 0 -26
149.571 0 -25.8
149.501 0 -25.55
149.571 0 -24.9
149.501 0 -24.1
149.571 0 -23.5
149.501 0 -22.9
149.571 0 -22.1
149.501 0 -21.55
149.571 0 -21
149.501 0 -20.9
149.571 0 -22.05
149.501 0 -23.15
149.571 0 -24
149.501 0 -24.5
149.571 0 -25.7
149.501 0 -26.25
149.571 0 -26.65
149.501 0 -27
149.571 0 -27.4
149.501 0 -27.65
149.571 0 -27.75
149.501 0 -28
149.571 0 -28.15
149.501 0 -28.25
149.571 0 -28.3
149.501 0 -28.2
149.571 0 -28.25
149.501 0 -28
149.571 0 -27.85
149.501 0 -27.45
149.571 0 -27.2
149.501 0 -26.9
149.571 0 -26.45
149.501 0 -26.2
149.571 0 -25.9
149.501 0 -25.65
149.571 0 -25.15
149.501 0 -24.75
149.571 0 -24.2
149.501 0 -23.6
149.571 0 -23.15
149.501 0 -22.7
149.571 0 -22.3
149.501 0 -22.05
149.571 0 -21.9
149.501 0 -21.75
149.571 0 -21.35
149.501 0 -21
149.571 0 -20.55
149.501 0 -20.5
149.571 0 -20.45
149.501 0 -20.55
149.571 0 -20.6
149.501 0 -20.8
149.571 0 -21.1
149.501 0 -21.6
149.571 0 -21.85
149.501 0 -22
149.571 0 -22.05
149.501 0 -21.85
149.571 0 -21.55
149.501 0 -21
149.571 0 -20.85
149.501 0 -20.75
149.571 0 -20.5
149.501 0 -21
149.571 0 -21
149.501 0 -21.2
149.571 0 -21.4
149.501 0 -21.45
149.571 0 -21.6
149.501 0 -21.8
149.571 0 -22.35
149.501 0 -22.8
149.571 0 -23.25
149.501 0 -23.75
149.571 0 -24.25
149.501 0 -24.7
149.571 0 -25.05
149.501 0 -25.6
149.571 0 -25.9
149.501 0 -26.4
149.571 0 -26.85
149.501 0 -27.3
149.571 0 -27.6
149.501 0 -27.9
149.571 0 -28.1
149.501 0 -28.35
149.571 0 -28.55
149.501 0 -28.55
149.571 0 -28.7
149.501 0 -28.7
149.571 0 -28.85
149.501 0 -28.65
149.571 0 -28.7
149.501 0 -28.6
149.571 0 -28.55
149.501 0 -28.3
149.571 0 -27.95
149.501 0 -27.75
149.571 0 -27.25
149.501 0 -26.45
149.571 0 -26.05
149.501 0 -25.1
149.571 0 -24.4
149.501 0 -23.7
149.571 0 -22.75
149.501 0 -21.9
149.571 0 -21.6
149.501 0 -22
149.571 0 -22.65
149.501 0 -23.4
149.571 0 -24.05
149.501 0 -24.65
149.571 0 -25.2
149.501 0 -25.7
149.571 0 -25.9
159.467 0 -25.85
159.538 0 -25.95
159.467 0 -26.25
159.538 0 -26.35
159.467 0 -26.25
159.538 0 -26
159.467 0 -25.65
159.538 0 -25
159.467 0 -24.55
159.538 0 -23.55
159.467 0 -22.95
159.538 0 -22.3
159.467 0 -21.75
159.538 0 -21
159.467 0 -21.2
159.538 0 -22.05
159.467 0 -23
159.538 0 -23.85
159.467 0 -24.55
159.538 0 -25.9
159.467 0 -26.45
159.538 0 -26.6
159.467 0 -27.1
159.538 0 -27.7
159.467 0 -27.9
159.538 0 -28
159.467 0 -28.35
159.538 0 -28.45
159.467 0 -28.35
159.538 0 -28.4
159.467 0 -28.3
159.538 0 -28.2
159.467 0 -28.1
159.538 0 -27.95
159.467 0 -27.7
159.538 0 -27.65
159.467 0 -27.4
159.538 0 -26.8
159.467 0 -26.7
159.538 0 -26.35
159.467 0 -25.8
159.538 0 -25.25
159.467 0 -25
159.538 0 -24.4
159.467 0 -24
159.538 0 -23.65
159.467 0 -23.35
159.538 0 -22.85
159.467 0 -22.7
159.538 0 -22.25
159.467 0 -21.85
159.538 0 -21.6
159.467 0 -21.4
159.538 0 -21.3
159.467 0 -21.3
159.538 0 -21.05
159.467 0 -21
159.538 0 -20.8
159.467 0 -20.9
159.538 0 -20.95
159.467 0 -21
159.538 0 -21.05
159.467 0 -21.2
159.538 0 -21.1
159.467 0 -21.1
159.538 0 -21.2
159.467 0 -21.1
159.538 0 -21
159.467 0 -21.05
159.538 0 -20.95
159.467 0 -21.4
159.538 0 -21.5
159.467 0 -21.5
159.538 0 -21.5
159.467 0 -21.85
159.538 0 -22.25
159.467 0 -22.65
159.538 0 -22.9
159.467 0 -23.4
159.538 0 -23.6
159.467 0 -24
159.538 0 -24.45
159.467 0 -24.8
159.538 0 -25.4
159.467 0 -26.1
159.538 0 -26.55
159.467 0 -26.8
159.538 0 -27.4
159.467 0 -27.55
159.538 0 -27.9
159.467 0 -28.1
159.538 0 -28.35
159.467 0 -28.45
159.538 0 -28.6
159.467 0 -28.8
159.538 0 -28.9
159.467 0 -29
159.538 0 -29
159.467 0 -29
159.538 0 -28.95
159.467 0 -28.7
159.538 0 -28.6
159.467 0 -28.35
159.538 0 -27.95
159.467 0 -27.55
159.538 0 -27.15
159.467 0 -26.5
159.538 0 -25.95
159.467 0 -25.3
159.538 0 -24.6
159.467 0 -23.9
159.538 0 -22.75
159.467 0 -21.9
159.538 0 -21.7
159.467 0 -22.25
159.538 0 -22.8
159.467 0 -23.4
159.538 0 -24.05
159.467 0 -24.7
159.538 0 -25.1
169.434 0 -25.05
169.505 0 -25.05
169.434 0 -25.7
169.505 0 -26
169.434 0 -26.3
169.505 0 -26.4
169.434 0 -26.4
169.505 0 -26.15
169.434 0 -25.75
169.505 0 -25.3
169.434 0 -24.7
169.505 0 -23.85
169.434 0 -23.25
169.505 0 -22.55
169.434 0 -21.7
169.505 0 -21.4
169.434 0 -21.35
169.505 0 -21.95
169.434 0 -23.2
169.505 0 -24
169.434 0 -24.9
169.505 0 -25.85
169.434 0 -26.4
169.505 0 -26.95
169.434 0 -27.3
169.505 0 -27.75
169.434 0 -28.1
169.505 0 -28.35
169.434 0 -28.5
169.505 0 -28.6
169.434 0 -28.55
169.505 0 -28.45
169.434 0 -28.6
169.505 0 -28.4
169.434 0 -28.3
169.505 0 -28.15
169.434 0 -27.95
169.505 0 -27.95
169.434 0 -27.65
169.505 0 -27.25
169.434 0 -27
169.505 0 -26.6
169.434 0 -26.05
169.505 0 -25.65
169.434 0 -25.3
169.505 0 -24.8
169.434 0 -24.45
169.505 0 -24.25
169.434 0 -23.9
169.505 0 -23.4
169.434 0 -23.2
169.505 0 -22.7
169.434 0 -22.25
169.505 0 -21.95
169.434 0 -21.85
169.505 0 -21.6
169.434 0 -21.6
169.505 0 -21.6
169.434 0 -21.45
169.505 0 -21.3
169.434 0 -21.25
169.505 0 -21.25
169.434 0 -21.3
169.505 0 -21.3
169.434 0 -21.35
169.505 0 -21.35
169.434 0 -21.3
169.505 0 -21.35
169.434 0 -21.4
169.505 0 -21.55
169.434 0 -21.5
169.505 0 -21.7
169.434 0 -21.8
169.505 0 -21.75
169.434 0 -21.95
169.505 0 -22.1
169.434 0 -22.3
169.505 0 -22.7
169.434 0 -23.45
169.505 0 -23.65
169.434 0 -23.85
169.505 0 -24.25
169.434 0 -24.6
169.505 0 -25.05
169.434 0 -25.4
169.505 0 -25.75
169.434 0 -26.25
169.505 0 -26.65
169.434 0 -27.1
169.505 0 -27.45
169.434 0 -27.9
169.505 0 -28.15
169.434 0 -28.35
169.505 0 -28.55
169.434 0 -28.9
169.505 0 -28.9
169.434 0 -29
169.505 0 -29.15
169.434 0 -29.25
169.505 0 -29.2
169.434 0 -29.1
169.505 0 -29
169.434 0 -28.95
169.505 0 -28.8
169.434 0 -28.5
169.505 0 -28.25
169.434 0 -27.9
169.505 0 -27.2
169.434 0 -26.8
169.505 0 -26.25
169.434 0 -25.45
169.505 0 -24.75
169.434 0 -24.05
169.505 0 -22.95
169.434 0 -21.95
169.505 0 -21.85
169.434 0 -22.25
169.505 0 -22.8
169.434 0 -23.65
169.505 0 -24.2
179.401 0 -23.95
179.471 0 -24.1
179.401 0 -25
179.471 0 -25.45
179.401 0 -25.8
179.471 0 -26.05
179.401 0 -26.4
179.471 0 -26.5
179.401 0 -26.45
179.471 0 -26.35
179.401 0 -25.85
179.471 0 -25.5
179.401 0 -24.75
179.471 0 -24.15
179.401 0 -23.55
179.471 0 -22.5
179.401 0 -21.9
179.471 0 -21.4
179.401 0 -21.5
179.471 0 -22.3
179.401 0 -23.3
179.471 0 -24
179.401 0 -24.85
179.471 0 -25.95
179.401 0 -26.25
179.471 0 -27.05
179.401 0 -27.35
179.471 0 -27.7
179.401 0 -28.05
179.471 0 -28.3
179.401 0 -28.45
179.471 0 -28.55
179.401 0 -28.65
179.471 0 -28.7
179.401 0 -28.7
179.471 0 -28.6
179.401 0 -28.5
179.471 0 -28.5
179.401 0 -28.25
179.471 0 -27.95
179.401 0 -27.65
179.471 0 -27.3
179.401 0 -27.05
179.471 0 -26.85
179.401 0 -26.4
179.471 0 -26.15
179.401 0 -25.9
179.471 0 -25.5
179.401 0 -25.2
179.471 0 -24.7
179.401 0 -24.3
179.471 0 -23.7
179.401 0 -23.55
179.471 0 -23.3
179.401 0 -23
179.471 0 -22.75
179.401 0 -22.55
179.471 0 -22.2
179.401 0 -21.9
179.471 0 -21.7
179.401 0 -21.35
179.471 0 -21.45
179.401 0 -21.3
179.471 0 -21.3
179.401 0 -21.3
179.471 0 -21.25
179.401 0 -21.35
179.471 0 -21.35
179.401 0 -21.45
179.471 0 -21.4
179.401 0 -21.6
179.471 0 -21.65
179.401 0 -21.75
179.471 0 -21.8
179.401 0 -22.05
179.471 0 -22.45
179.401 0 -22.65
179.471 0 -23.1
179.401 0 -23.4
179.471 0 -23.6
179.401 0 -23.8
179.471 0 -24.15
179.401 0 -24.65
179.471 0 -24.95
179.401 0 -25.35
179.471 0 -25.8
179.401 0 -26.05
179.471 0 -26.5
179.401 0 -26.9
179.471 0 -27.25
179.401 0 -27.45
179.471 0 -27.65
179.401 0 -28.1
179.471 0 -28.45
179.401 0 -28.65
179.471 0 -28.75
179.401 0 -29.15
179.471 0 -29.2
179.401 0 -29.45
179.471 0 -29.35
179.401 0 -29.45
179.471 0 -29.3
179.401 0 -29.35
179.471 0 -29.15
179.401 0 -29
179.471 0 -28.8
179.401 0 -28.8
179.471 0 -28.45
179.401 0 -28.35
179.471 0 -27.85
179.401 0 -26.95
179.471 0 -26.5
179.401 0 -25.9
179.471 0 -25.3
179.401 0 -24.15
179.471 0 -23.35
179.401 0 -22.3
179.471 0 -22
179.401 0 -22.35
179.471 0 -23.05
189.367 0 -22.8
189.438 0 -22.8
189.367 0 -23.85
189.438 0 -24.5
189.367 0 -24.95
189.438 0 -25.5
189.367 0 -26
189.438 0 -26.3
189.367 0 -26.6
189.438 0 -26.6
189.367 0 -26.45
189.438 0 -26.45
189.367 0 -26.05
189.438 0 -25.75
189.367 0 -25
189.438 0 -24.35
189.367 0 -23.65
189.438 0 -22.95
189.367 0 -22.15
189.438 0 -21.45
189.367 0 -21.45
189.438 0 -22.6
189.367 0 -23.5
189.438 0 -24.2
189.367 0 -24.85
189.438 0 -26.2
189.367 0 -26.65
189.438 0 -27.15
189.367 0 -27.35
189.438 0 -27.7
189.367 0 -28.25
189.438 0 -28.3
189.367 0 -28.55
189.438 0 -28.65
189.367 0 -28.85
189.438 0 -28.75
189.367 0 -28.8
189.438 0 -28.8
189.367 0 -28.7
189.438 0 -28.65
189.367 0 -28.4
189.438 0 -28.15
189.367 0 -27.95
189.438 0 -27.85
189.367 0 -27.65
189.438 0 -27.2
189.367 0 -27.1
189.438 0 -26.75
189.367 0 -26.45
189.438 0 -26.15
189.367 0 -25.8
189.438 0 -25.5
189.367 0 -25.05
189.438 0 -24.65
189.367 0 -24.2
189.438 0 -23.9
189.367 0 -23.75
189.438 0 -23.5
189.367 0 -23.15
189.438 0 -22.8
189.367 0 -22.45
189.438 0 -22.25
189.367 0 -22.1
189.438 0 -21.9
189.367 0 -21.75
189.438 0 -21.6
189.367 0 -21.65
189.438 0 -21.65
189.367 0 -21.7
189.438 0 -21.7
189.367 0 -21.9
189.438 0 -21.9
189.367 0 -22.05
189.438 0 -22.25
189.367 0 -22.35
189.438 0 -22.6
189.367 0 -22.9
189.438 0 -23.1
189.367 0 -23.45
189.438 0 -23.75
189.367 0 -23.85
189.438 0 -24.25
189.367 0 -24.5
189.438 0 -24.9
189.367 0 -25.3
189.438 0 -25.8
189.367 0 -26.15
189.438 0 -26.55
189.367 0 -26.9
189.438 0 -27.25
189.367 0 -27.55
189.438 0 -27.6
189.367 0 -27.9
189.438 0 -28.15
189.367 0 -28.35
189.438 0 -28.6
189.367 0 -28.9
189.438 0 -29.15
189.367 0 -29.5
189.438 0 -29.45
189.367 0 -29.65
189.438 0 -29.6
189.367 0 -29.75
189.438 0 -29.6
189.367 0 -29.55
189.438 0 -29.45
189.367 0 -29.3
189.438 0 -29.1
189.367 0 -29
189.438 0 -28.65
189.367 0 -28.5
189.438 0 -27.8
189.367 0 -27.2
189.438 0 -26.6
189.367 0 -25.9
189.438 0 -25.35
189.367 0 -24.65
189.438 0 -23.9
189.367 0 -22.45
189.438 0 -22.2
199.334 0 -22.5
199.405 0 -22.5
199.334 0 -22.75
199.405 0 -23.3
199.334 0 -23.8
199.405 0 -24.65
199.334 0 -25.05
199.405 0 -25.6
199.334 0 -26.25
199.405 0 -26.5
199.334 0 -26.55
199.405 0 -26.7
199.334 0 -26.7
199.405 0 -26.65
199.334 0 -26.45
199.405 0 -25.9
199.334 0 -25.35
199.405 0 -24.85
199.334 0 -24
199.405 0 -23
199.334 0 -22.3
199.405 0 -21.75
199.334 0 -21.6
199.405 0 -22.55
199.334 0 -23.5
199.405 0 -24.25
199.334 0 -25.25
199.405 0 -26.05
199.334 0 -26.65
199.405 0 -27.25
199.334 0 -27.55
199.405 0 -28
199.334 0 -28.3
199.405 0 -28.55
199.334 0 -28.8
199.405 0 -28.9
199.334 0 -28.95
199.405 0 -28.95
199.334 0 -28.85
199.405 0 -28.9
199.334 0 -28.85
199.405 0 -28.7
199.334 0 -28.75
199.405 0 -28.65
199.334 0 -28.65
199.405 0 -28.5
199.334 0 -28.3
199.405 0 -28.1
199.334 0 -27.8
199.405 0 -27.55
199.334 0 -27.1
199.405 0 -26.7
199.334 0 -26.4
199.405 0 -26.2
199.334 0 -25.75
199.405 0 -25.5
199.334 0 -25.2
199.405 0 -24.95
199.334 0 -24.45
199.405 0 -24.15
199.334 0 -23.8
199.405 0 -23.6
199.334 0 -23.25
199.405 0 -23
199.334 0 -23
199.405 0 -22.55
199.334 0 -22.3
199.405 0 -22.1
199.334 0 -22.1
199.405 0 -22.1
199.334 0 -22.1
199.405 0 -22.35
199.334 0 -22.35
199.405 0 -22.5
199.334 0 -22.75
199.405 0 -22.9
199.334 0 -23.2
199.405 0 -23.55
199.334 0 -23.75
199.405 0 -23.95
199.334 0 -24
199.405 0 -24.2
199.334 0 -24.8
199.405 0 -25.05
199.334 0 -25.55
199.405 0 -25.9
199.334 0 -26.3
199.405 0 -26.55
199.334 0 -26.8
199.405 0 -27.05
199.334 0 -27.45
199.405 0 -27.55
199.334 0 -27.85
199.405 0 -28.1
199.334 0 -28.45
199.405 0 -28.65
199.334 0 -28.9
199.405 0 -29.25
199.334 0 -29.4
199.405 0 -29.4
199.334 0 -29.5
199.405 0 -29.65
199.334 0 -29.6
199.405 0 -29.75
199.334 0 -29.85
199.405 0 -29.8
199.334 0 -29.85
199.405 0 -29.7
199.334 0 -29.75
199.405 0 -29.5
199.334 0 -29.2
199.405 0 -29
199.334 0 -28.55
199.405 0 -28
199.334 0 -27.35
199.405 0 -26.8
199.334 0 -26.25
199.405 0 -25.6
199.334 0 -24.7
199.405 0 -23.8
209.301 0 -24.7
209.371 0 -24.55
209.301 0 -23.15
209.371 0 -22.6
209.301 0 -22.95
209.371 0 -23.45
209.301 0 -24.15
209.371 0 -24.75
209.301 0 -25.2
209.371 0 -25.8
209.301 0 -26.15
209.371 0 -26.5
209.301 0 -26.7
209.371 0 -26.8
209.301 0 -26.8
209.371 0 -26.7
209.301 0 -26.6
209.371 0 -26.2
209.301 0 -25.65
209.371 0 -24.95
209.301 0 -24.35
209.371 0 -23.3
209.301 0 -22.5
209.371 0 -21.95
209.301 0 -21.7
209.371 0 -22.65
209.301 0 -23.7
209.371 0 -24.4
209.301 0 -25.25
209.371 0 -25.95
209.301 0 -26.8
209.371 0 -27.25
209.301 0 -27.7
209.371 0 -27.9
209.301 0 -28.25
209.371 0 -28.55
209.301 0 -28.65
209.371 0 -28.8
209.301 0 -28.95
209.371 0 -29.05
209.301 0 -29.15
209.371 0 -29.1
209.301 0 -29.25
209.371 0 -29.3
209.301 0 -29.2
209.371 0 -29.05
209.301 0 -28.85
209.371 0 -28.85
209.301 0 -28.75
209.371 0 -28.5
209.301 0 -28.15
209.371 0 -28.1
209.301 0 -27.7
209.371 0 -27.55
209.301 0 -27.15
209.371 0 -26.8
209.301 0 -26.65
209.371 0 -26
209.301 0 -25.75
209.371 0 -25.55
209.301 0 -25.15
209.371 0 -24.85
209.301 0 -24.7
209.371 0 -24.35
209.301 0 -24.15
209.371 0 -23.85
209.301 0 -23.55
209.371 0 -23.4
209.301 0 -23
209.371 0 -22.9
209.301 0 -22.9
209.371 0 -22.9
209.301 0 -23
209.371 0 -23
209.301 0 -23.1
209.371 0 -23.2
209.301 0 -23.5
209.371 0 -23.75
209.301 0 -23.95
209.371 0 -24.15
209.301 0 -24.55
209.371 0 -24.6
209.301 0 -24.95
209.371 0 -25
209.301 0 -25.45
209.371 0 -25.8
209.301 0 -26.15
209.371 0 -26.5
209.301 0 -26.95
209.371 0 -27.2
209.301 0 -27.45
209.371 0 -27.85
209.301 0 -28
209.371 0 -28.3
209.301 0 -28.45
209.371 0 -30.3
209.301 0 -29
209.371 0 -29.2
209.301 0 -29.45
209.371 0 -29.75
209.301 0 -29.75
209.371 0 -29.9
209.301 0 -29.95
209.371 0 -30.05
209.301 0 -30
209.371 0 -30.1
209.301 0 -30.1
209.371 0 -30.05
209.301 0 -30.05
209.371 0 -30
209.301 0 -30
209.371 0 -29.7
209.301 0 -29.4
209.371 0 -29.15
209.301 0 -28.7
209.371 0 -28.1
209.301 0 -27.65
209.371 0 -27.2
209.301 0 -26.45
209.371 0 -25.9
219.267 0 -26.55
219.338 0 -26.45
219.267 0 -25.15
219.338 0 -24.6
219.267 0 -23.3
219.338 0 -22.75
219.267 0 -23.3
219.338 0 -23.8
219.267 0 -24.3
219.338 0 -24.85
219.267 0 -25.65
219.338 0 -26.05
219.267 0 -26.45
219.338 0 -26.7
219.267 0 -26.9
219.338 0 -27.05
219.267 0 -27
219.338 0 -26.9
219.267 0 -26.75
219.338 0 -26.5
219.267 0 -25.8
219.338 0 -25.3
219.267 0 -24.75
219.338 0 -23.6
219.267 0 -22.9
219.338 0 -22.05
219.267 0 -21.95
219.338 0 -22.8
219.267 0 -23.8
219.338 0 -24.7
219.267 0 -25.35
219.338 0 -26.15
219.267 0 -26.8
219.338 0 -27.35
219.267 0 -27.6
219.338 0 -28.15
219.267 0 -28.35
219.338 0 -28.65
219.267 0 -28.9
219.338 0 -28.95
219.267 0 -29.25
219.338 0 -29.45
219.267 0 -29.55
219.338 0 -29.7
219.267 0 -29.7
219.338 0 -29.7
219.267 0 -29.7
219.338 0 -29.55
219.267 0 -29.4
219.338 0 -29.25
219.267 0 -29.05
219.338 0 -28.9
219.267 0 -28.85
219.338 0 -28.6
219.267 0 -28.5
219.338 0 -28.25
219.267 0 -28
219.338 0 -27.65
219.267 0 -27.1
219.338 0 -26.85
219.267 0 -26.45
219.338 0 -26.15
219.267 0 -25.9
219.338 0 -25.55
219.267 0 -25.4
219.338 0 -25.4
219.267 0 -25.15
219.338 0 -24.85
219.267 0 -24.55
219.338 0 -24.2
219.267 0 -23.95
219.338 0 -23.9
219.267 0 -23.8
219.338 0 -23.8
219.267 0 -23.7
219.338 0 -23.8
219.267 0 -23.85
219.338 0 -24
219.267 0 -24.05
219.338 0 -24.4
219.267 0 -24.55
219.338 0 -24.8
219.267 0 -25.15
219.338 0 -25.45
219.267 0 -25.6
219.338 0 -26.15
219.267 0 -26.35
219.338 0 -26.65
219.267 0 -26.8
219.338 0 -27.1
219.267 0 -27.3
219.338 0 -27.65
219.267 0 -28
219.338 0 -28.3
219.267 0 -28.6
219.338 0 -28.85
219.267 0 -29.2
219.338 0 -29.4
219.267 0 -29.6
219.338 0 -29.8
219.267 0 -29.75
219.338 0 -29.85
219.267 0 -29.95
219.338 0 -30.05
219.267 0 -30.25
219.338 0 -30.4
219.267 0 -30.55
219.338 0 -30.55
219.267 0 -30.5
219.338 0 -30.45
219.267 0 -30.35
219.338 0 -30.2
219.267 0 -29.9
219.338 0 -29.75
219.267 0 -29.4
219.338 0 -29.05
219.267 0 -28.7
219.338 0 -28.15
219.267 0 -27.9
219.338 0 -27.35
229.234 0 -27.75
229.305 0 -27.8
229.234 0 -26.95
229.305 0 -26.4
229.234 0 -25.4
229.305 0 -24.5
229.234 0 -23.75
229.305 0 -23.05
229.234 0 -23.3
229.305 0 -23.95
229.234 0 -24.45
229.305 0 -24.95
229.234 0 -25.4
229.305 0 -26.05
229.234 0 -26.5
229.305 0 -26.75
229.234 0 -27
229.305 0 -27.2
229.234 0 -27.3
229.305 0 -27.15
229.234 0 -27
229.305 0 -26.8
229.234 0 -26.35
229.305 0 -25.6
229.234 0 -24.9
229.305 0 -24.1
229.234 0 -23.05
229.305 0 -22.3
229.234 0 -22.05
229.305 0 -23.1
229.234 0 -23.95
229.305 0 -24.55
229.234 0 -25.5
229.305 0 -26.3
229.234 0 -26.9
229.305 0 -27.35
229.234 0 -27.85
229.305 0 -28.45
229.234 0 -28.65
229.305 0 -29
229.234 0 -29.1
229.305 0 -29.45
229.234 0 -29.55
229.305 0 -29.7
229.234 0 -29.7
229.305 0 -29.8
229.234 0 -29.8
229.305 0 -30
229.234 0 -29.9
229.305 0 -30.05
229.234 0 -29.95
229.305 0 -29.95
229.234 0 -29.8
229.305 0 -29.65
229.234 0 -29.45
229.305 0 -29.35
229.234 0 -29
229.305 0 -28.65
229.234 0 -28.45
229.305 0 -28.1
229.234 0 -27.85
229.305 0 -27.6
229.234 0 -27.4
229.305 0 -27.25
229.234 0 -26.95
229.305 0 -26.75
229.234 0 -26.35
229.305 0 -26.1
229.234 0 -25.7
229.305 0 -25.25
229.234 0 -25.05
229.305 0 -24.95
229.234 0 -24.8
229.305 0 -24.7
229.234 0 -24.65
229.305 0 -24.7
229.234 0 -24.6
229.305 0 -24.65
229.234 0 -24.8
229.305 0 -25
229.234 0 -25.05
229.305 0 -25.2
229.234 0 -25.45
229.305 0 -25.65
229.234 0 -25.95
229.305 0 -26.3
229.234 0 -26.65
229.305 0 -26.9
229.234 0 -27.15
229.305 0 -27.35
229.234 0 -27.6
229.305 0 -27.65
229.234 0 -28.15
229.305 0 -28.35
229.234 0 -28.6
229.305 0 -28.85
229.234 0 -29.3
229.305 0 -29.5
229.234 0 -29.75
229.305 0 -30.05
229.234 0 -30.15
229.305 0 -30.15
229.234 0 -30.2
229.305 0 -30.45
229.234 0 -30.5
229.305 0 -30.5
229.234 0 -30.75
229.305 0 -30.7
229.234 0 -30.75
229.305 0 -30.7
229.234 0 -30.9
229.305 0 -30.75
229.234 0 -30.75
229.305 0 -30.4
229.234 0 -30.2
229.305 0 -30.1
229.234 0 -29.75
229.305 0 -29.25
229.234 0 -28.6
229.305 0 -28.45
239.201 0 -28.9
239.272 0 -28.9
239.201 0 -28.2
239.272 0 -27.8
239.201 0 -27
239.272 0 -26.35
239.201 0 -25.8
239.272 0 -24.85
239.201 0 -23.8
239.272 0 -23.35
239.201 0 -23.6
239.272 0 -24
239.201 0 -24.7
239.272 0 -25.05
239.201 0 -25.5
239.272 0 -25.8
239.201 0 -26.15
239.272 0 -26.55
239.201 0 -26.6
239.272 0 -26.85
239.201 0 -27.05
239.272 0 -27.2
239.201 0 -27.2
239.272 0 -27.1
239.201 0 -26.7
239.272 0 -26.2
239.201 0 -25.5
239.272 0 -24.3
239.201 0 -23.45
239.272 0 -22.75
239.201 0 -22.4
239.272 0 -23.15
239.201 0 -23.9
239.272 0 -24.7
239.201 0 -25.4
239.272 0 -26.3
239.201 0 -26.8
239.272 0 -27.55
239.201 0 -27.85
239.272 0 -28.35
239.201 0 -28.8
239.272 0 -28.95
239.201 0 -29.4
239.272 0 -29.5
239.201 0 -29.65
239.272 0 -29.95
239.201 0 -30
239.272 0 -30.2
239.201 0 -30.3
239.272 0 -30.4
239.201 0 -30.45
239.272 0 -30.5
239.201 0 -30.45
239.272 0 -30.45
239.201 0 -30.35
239.272 0 -30.2
239.201 0 -30.15
239.272 0 -29.9
239.201 0 -29.55
239.272 0 -29.35
239.201 0 -29.15
239.272 0 -28.9
239.201 0 -28.7
239.272 0 -28.35
239.201 0 -28.05
239.272 0 -27.9
239.201 0 -27.65
239.272 0 -27.3
239.201 0 -27.05
239.272 0 -26.75
239.201 0 -26.6
239.272 0 -26.3
239.201 0 -25.95
239.272 0 -25.8
239.201 0 -25.7
239.272 0 -25.5
239.201 0 -25.5
239.272 0 -25.45
239.201 0 -25.5
239.272 0 -25.55
239.201 0 -25.7
239.272 0 -25.85
239.201 0 -25.95
239.272 0 -26.15
239.201 0 -26.35
239.272 0 -26.45
239.201 0 -26.8
239.272 0 -27.1
239.201 0 -27.3
239.272 0 -27.6
239.201 0 -27.75
239.272 0 -28
239.201 0 -28.35
239.272 0 -28.6
239.201 0 -28.95
239.272 0 -29.35
239.201 0 -29.55
239.272 0 -29.85
239.201 0 -30.05
239.272 0 -30.35
239.201 0 -30.45
239.272 0 -30.7
239.201 0 -30.8
239.272 0 -30.8
239.201 0 -31
239.272 0 -31.1
239.201 0 -31.25
239.272 0 -31.3
239.201 0 -31.35
239.272 0 -31.3
239.201 0 -31.45
239.272 0 -31.2
239.201 0 -31.15
239.272 0 -31
239.201 0 -30.95
239.272 0 -30.65
239.201 0 -30.6
239.272 0 -30.3
239.201 0 -30.1
239.272 0 -29.7
249.168 0 -30.25
249.238 0 -30.3
249.168 0 -29.35
249.238 0 -29
249.168 0 -28.45
249.238 0 -27.85
249.168 0 -27.45
249.238 0 -26.65
249.168 0 -26
249.238 0 -24.95
249.168 0 -24.15
249.238 0 -23.5
249.168 0 -23.85
249.238 0 -24.35
249.168 0 -24.95
249.238 0 -25.7
249.168 0 -26.7
249.238 0 -27.3
249.168 0 -27.6
249.238 0 -27.9
249.168 0 -28
249.238 0 -28
249.168 0 -27.95
249.238 0 -27.75
249.168 0 -27.5
249.238 0 -27.25
249.168 0 -26.65
249.238 0 -26.2
249.168 0 -25.65
249.238 0 -24.9
249.168 0 -23.95
249.238 0 -23.2
249.168 0 -22.6
249.238 0 -23.05
249.168 0 -24.1
249.238 0 -24.9
249.168 0 -25.6
249.238 0 -26.3
249.168 0 -26.85
249.238 0 -27.45
249.168 0 -28
249.238 0 -28.35
249.168 0 -28.7
249.238 0 -29.1
249.168 0 -29.35
249.238 0 -29.5
249.168 0 -30
249.238 0 -30.2
249.168 0 -30.6
249.238 0 -30.65
249.168 0 -30.9
249.238 0 -30.9
249.168 0 -31
249.238 0 -30.85
249.168 0 -30.9
249.238 0 -30.75
249.168 0 -30.6
249.238 0 -30.5
249.168 0 -30.45
249.238 0 -30.3
249.168 0 -30.1
249.238 0 -30.1
249.168 0 -29.9
249.238 0 -29.65
249.168 0 -29.4
249.238 0 -29.25
249.168 0 -28.9
249.238 0 -28.45
249.168 0 -28.15
249.238 0 -27.85
249.168 0 -27.6
249.238 0 -27.35
249.168 0 -27.2
249.238 0 -27
249.168 0 -26.7
249.238 0 -26.6
249.168 0 -26.65
249.238 0 -26.4
249.168 0 -26.35
249.238 0 -26.3
249.168 0 -26.3
249.238 0 -26.35
249.168 0 -26.45
249.238 0 -26.55
249.168 0 -26.6
249.238 0 -26.75
249.168 0 -26.85
249.238 0 -27.1
249.168 0 -27.4
249.238 0 -27.5
249.168 0 -28
249.238 0 -28.15
249.168 0 -28.4
249.238 0 -28.65
249.168 0 -29
249.238 0 -29.4
249.168 0 -29.85
249.238 0 -30.15
249.168 0 -30.4
249.238 0 -30.5
249.168 0 -30.85
249.238 0 -31
249.168 0 -31.1
249.238 0 -31.25
249.168 0 -31.45
249.238 0 -31.6
249.168 0 -31.7
249.238 0 -31.75
249.168 0 -32.1
249.238 0 -32.15
249.168 0 -32.3
249.238 0 -32.1
249.168 0 -32.1
249.238 0 -31.9
249.168 0 -31.85
249.238 0 -31.6
249.168 0 -31.4
249.238 0 -31.15
249.168 0 -30.9
249.238 0 -30.7
259.134 0 -31.3
259.205 0 -31.3
259.134 0 -30.8
259.205 0 -30.25
259.134 0 -29.75
259.205 0 -29.25
259.134 0 -28.65
259.205 0 -28.15
259.134 0 -27.45
259.205 0 -26.9
259.134 0 -25.9
259.205 0 -25.1
259.134 0 -24.35
259.205 0 -24
259.134 0 -24.25
259.205 0 -24.7
259.134 0 -26.25
259.205 0 -27.25
259.134 0 -27.35
259.205 0 -27.4
259.134 0 -27.55
259.205 0 -27.6
259.134 0 -27.55
259.205 0 -27.45
259.134 0 -27.35
259.205 0 -27.3
259.134 0 -26.95
259.205 0 -26.65
259.134 0 -26.2
259.205 0 -25.8
259.134 0 -25.3
259.205 0 -24.65
259.134 0 -24.15
259.205 0 -23.5
259.134 0 -23.15
259.205 0 -23.15
259.134 0 -23.85
259.205 0 -24.95
259.134 0 -25.55
259.205 0 -26.3
259.134 0 -27.1
259.205 0 -27.6
259.134 0 -28.05
259.205 0 -28.45
259.134 0 -29.05
259.205 0 -29.15
259.134 0 -29.6
259.205 0 -29.9
259.134 0 -30.25
259.205 0 -30.5
259.134 0 -30.65
259.205 0 -30.8
259.134 0 -30.9
259.205 0 -31.05
259.134 0 -31.15
259.205 0 -31.15
259.134 0 -31.2
259.205 0 -31.1
259.134 0 -31
259.205 0 -30.95
259.134 0 -30.9
259.205 0 -30.7
259.134 0 -30.7
259.205 0 -30.45
259.134 0 -30.35
259.205 0 -29.95
259.134 0 -29.8
259.205 0 -29.5
259.134 0 -29.35
259.205 0 -29
259.134 0 -28.85
259.205 0 -28.55
259.134 0 -28.25
259.205 0 -28.05
259.134 0 -27.65
259.205 0 -27.6
259.134 0 -27.25
259.205 0 -27.2
259.134 0 -27
259.205 0 -26.75
259.134 0 -26.75
259.205 0 -26.65
259.134 0 -26.6
259.205 0 -26.65
259.134 0 -26.65
259.205 0 -26.7
259.134 0 -26.8
259.205 0 -27
259.134 0 -27.2
259.205 0 -27.55
259.134 0 -27.8
259.205 0 -28.1
259.134 0 -28.55
259.205 0 -28.7
259.134 0 -29.2
259.205 0 -29.6
259.134 0 -30.1
259.205 0 -30.3
259.134 0 -30.55
259.205 0 -30.75
259.134 0 -31.3
259.205 0 -31.35
259.134 0 -31.7
259.205 0 -31.8
259.134 0 -32.1
259.205 0 -32.25
259.134 0 -32.4
259.205 0 -32.65
259.134 0 -32.75
259.205 0 -32.85
259.134 0 -32.8
259.205 0 -32.75
259.134 0 -32.9
259.205 0 -32.75
259.134 0 -32.6
259.205 0 -32.6
259.134 0 -32.5
259.205 0 -32.2
259.134 0 -32
259.205 0 -31.9
269.101 0 -32.25
269.172 0 -32.2
269.101 0 -31.75
269.172 0 -31.5
269.101 0 -31.05
269.172 0 -30.45
269.101 0 -29.85
269.172 0 -29.3
269.101 0 -28.8
269.172 0 -28.15
269.101 0 -27.55
269.172 0 -26.7
269.101 0 -26.05
269.172 0 -25.55
269.101 0 -25.8
269.172 0 -25.95
269.101 0 -26.35
269.172 0 -27.1
269.101 0 -27.9
269.172 0 -28.55
269.101 0 -29.05
269.172 0 -30.4
269.101 0 -31.1
269.172 0 -31.65
269.101 0 -32.35
269.172 0 -32.25
269.101 0 -32.25
269.172 0 -32.25
269.101 0 -32.35
269.172 0 -32.35
269.101 0 -32.15
269.172 0 -31.9
269.101 0 -31.5
269.172 0 -30.65
269.101 0 -29.5
269.172 0 -27.6
269.101 0 -25.75
269.172 0 -25.5
269.101 0 -25.25
269.172 0 -25.2
269.101 0 -25.65
269.172 0 -26.25
269.101 0 -27.05
269.172 0 -27.5
269.101 0 -28.05
269.172 0 -28.5
269.101 0 -29.05
269.172 0 -29.35
269.101 0 -29.8
269.172 0 -30
269.101 0 -30.3
269.172 0 -30.5
269.101 0 -30.7
269.172 0 -30.95
269.101 0 -30.95
269.172 0 -30.95
269.101 0 -31
269.172 0 -31.1
269.101 0 -31.1
269.172 0 -31.4
269.101 0 -31.4
269.172 0 -31.25
269.101 0 -31.05
269.172 0 -30.95
269.101 0 -30.7
269.172 0 -30.6
269.101 0 -30.35
269.172 0 -30.1
269.101 0 -29.9
269.172 0 -29.5
269.101 0 -29.3
269.172 0 -29
269.101 0 -28.9
269.172 0 -28.5
269.101 0 -28.35
269.172 0 -28.15
269.101 0 -27.7
269.172 0 -27.25
269.101 0 -27.05
269.172 0 -26.85
269.101 0 -26.65
269.172 0 -26.55
269.101 0 -26.45
269.172 0 -26.45
269.101 0 -26.4
269.172 0 -26.4
269.101 0 -26.55
269.172 0 -26.7
269.101 0 -26.8
269.172 0 -26.95
269.101 0 -27.2
269.172 0 -27.55
269.101 0 -27.8
269.172 0 -28.05
269.101 0 -28.55
269.172 0 -28.9
269.101 0 -29.4
269.172 0 -29.95
269.101 0 -30.4
269.172 0 -30.7
269.101 0 -30.95
269.172 0 -31.25
269.101 0 -31.6
269.172 0 -31.8
269.101 0 -31.95
269.172 0 -32.25
269.101 0 -32.4
269.172 0 -32.5
269.101 0 -32.7
269.172 0 -32.85
269.101 0 -32.85
269.172 0 -33.05
269.101 0 -33.15
269.172 0 -33.15
269.101 0 -33.1
269.172 0 -33.1
269.101 0 -33.05
269.172 0 -32.9
269.101 0 -32.75
269.172 0 -32.6
279.068 0 -31.5
279.138 0 -31.4
279.068 0 -31.25
279.138 0 -30.85
279.068 0 -30.7
279.138 0 -30.55
279.068 0 -30.4
279.138 0 -30.45
279.068 0 -30.85
279.138 0 -31
279.068 0 -31.25
279.138 0 -31.55
279.068 0 -31.7
279.138 0 -31.7
279.068 0 -31.8
279.138 0 -31.85
279.068 0 -32.25
279.138 0 -32.7
279.068 0 -33.1
279.138 0 -33.55
279.068 0 -34.25
279.138 0 -34.7
279.068 0 -35.05
279.138 0 -35.35
279.068 0 -35.5
279.138 0 -35.55
279.068 0 -35.5
279.138 0 -35.65
279.068 0 -35.5
279.138 0 -35.55
279.068 0 -35.35
279.138 0 -35.3
279.068 0 -35.2
279.138 0 -35
279.068 0 -35
279.138 0 -34.85
279.068 0 -35
279.138 0 -35.05
279.068 0 -35.15
279.138 0 -34.8
279.068 0 -33.8
279.138 0 -32.75
279.068 0 -32.1
279.138 0 -31.7
279.068 0 -31.55
279.138 0 -31.25
279.068 0 -30.85
279.138 0 -30.55
279.068 0 -30.1
279.138 0 -29.95
279.068 0 -29.7
279.138 0 -29.45
279.068 0 -29.5
279.138 0 -29.7
279.068 0 -29.9
279.138 0 -30.1
279.068 0 -30.2
279.138 0 -30.3
279.068 0 -30.3
279.138 0 -30.35
279.068 0 -30.3
279.138 0 -30.25
279.068 0 -30.15
279.138 0 -30.1
279.068 0 -29.9
279.138 0 -29.75
279.068 0 -29.55
279.138 0 -29.25
279.068 0 -29.1
279.138 0 -28.8
279.068 0 -28.45
279.138 0 -28.25
279.068 0 -27.95
279.138 0 -27.4
279.068 0 -27
279.138 0 -26.7
279.068 0 -26.25
279.138 0 -26
279.068 0 -25.5
279.138 0 -25.15
279.068 0 -24.75
279.138 0 -24.4
279.068 0 -24.2
279.138 0 -23.95
279.068 0 -23.75
279.138 0 -23.55
279.068 0 -23.55
279.138 0 -23.55
279.068 0 -23.65
279.138 0 -23.9
279.068 0 -24.15
279.138 0 -24.4
279.068 0 -24.85
279.138 0 -25.3
279.068 0 -25.75
279.138 0 -26.05
279.068 0 -26.65
279.138 0 -27.15
279.068 0 -27.6
279.138 0 -28.15
279.068 0 -28.6
279.138 0 -28.95
279.068 0 -29.45
279.138 0 -29.85
279.068 0 -30.2
279.138 0 -30.45
279.068 0 -30.9
279.138 0 -31.2
279.068 0 -31.4
279.138 0 -31.5
279.068 0 -31.6
279.138 0 -31.75
279.068 0 -31.85
279.138 0 -31.95
279.068 0 -31.9
279.138 0 -31.9
279.068 0 -32
279.138 0 -31.9
279.068 0 -31.8
279.138 0 -31.6
289.034 0 -38.8
289.105 0 -38.9
289.034 0 -39.3
289.105 0 -39.45
289.034 0 -39.55
289.105 0 -39.6
289.034 0 -39.55
289.105 0 -39.55
289.034 0 -39.45
289.105 0 -39.15
289.034 0 -39.05
289.105 0 -38.75
289.034 0 -38.55
289.105 0 -38.05
289.034 0 -37.65
289.105 0 -37.1
289.034 0 -36.85
289.105 0 -36.75
289.034 0 -36.7
289.105 0 -36.7
289.034 0 -36.7
289.105 0 -36.65
289.034 0 -36.6
289.105 0 -36.65
289.034 0 -36.65
289.105 0 -36.55
289.034 0 -36.6
289.105 0 -36.55
289.034 0 -36.55
289.105 0 -36.6
289.034 0 -36.5
289.105 0 -36.55
289.034 0 -36.5
289.105 0 -36.55
289.034 0 -36.5
289.105 0 -36.55
289.034 0 -36.5
289.105 0 -36.5
289.034 0 -36.45
289.105 0 -36.45
289.034 0 -36.45
289.105 0 -36.4
289.034 0 -36.45
289.105 0 -36.5
289.034 0 -36.55
289.105 0 -36.65
289.034 0 -36.75
289.105 0 -36.8
289.034 0 -37
289.105 0 -37.05
289.034 0 -37.5
289.105 0 -37.75
289.034 0 -37.95
289.105 0 -38.1
289.034 0 -38.2
289.105 0 -38.4
289.034 0 -38.55
289.105 0 -38.65
289.034 0 -38.65
289.105 0 -38.75
289.034 0 -38.6
289.105 0 -38.05
289.034 0 -37.05
289.105 0 -35.65
289.034 0 -24.55
289.105 0 -24.65
289.034 0 -24.45
289.105 0 -24.65
289.034 0 -24.6
289.105 0 -24.5
289.034 0 -24.6
289.105 0 -24.45
289.034 0 -24.65
289.105 0 -24.65
289.034 0 -24.8
289.105 0 -24.95
289.034 0 -24.95
289.105 0 -24.95
289.034 0 -24.55
289.105 0 -26.05
289.034 0 -34.2
289.105 0 -35.4
289.034 0 -37.15
289.105 0 -38.25
