0 0 -21.5
0.022 0 -21.5
0 0 -21.4
0.022 0 -21.1
0 0 -20.95
0.022 0 -20.6
0.044 0 -20.15
0.022 0 -19.65
0.044 0 -19.15
0.022 0 -18.55
0.044 0 -17.7
0.066 0 -16.85
0.044 0 -15.7
0.066 0 -15
0.044 0 -13.65
0.066 0 -12.3
0.088 0 -10.35
0.066 0 -8.35
0.088 0 -7.45
0.066 0 -5.45
0.088 0 -6.65
0.11 0 -8.65
0.088 0 -10.55
0.11 0 -12.3
0.088 0 -13.15
0.11 0 -14.65
0.132 0 -15.75
0.11 0 -16.7
0.132 0 -17.3
0.11 0 -18
0.132 0 -19
0.154 0 -19.55
0.132 0 -19.85
0.154 0 -20.35
0.132 0 -20.65
0.154 0 -21.25
0.176 0 -21.25
0.154 0 -21.15
0.176 0 -21.45
0.154 0 -21.6
0.176 0 -21.75
0.198 0 -21.5
0.176 0 -21.55
0.198 0 -21.45
0.176 0 -21.05
0.198 0 -20.7
0.22 0 -20.5
0.198 0 -19.25
0.22 0 -18.9
0.198 0 -18.1
0.22 0 -17.45
0.242 0 -16.6
0.22 0 -15.75
0.242 0 -14.7
0.22 0 -13.5
0.242 0 -11.6
0.264 0 -10.75
0.242 0 -9
0.264 0 -6.3
0.242 0 -5.25
0.264 0 -6.3
0.286 0 -7.5
0.264 0 -9.2
0.286 0 -11.3
0.264 0 -12
0.286 0 -13.45
0.308 0 -14.2
0.286 0 -15.3
0.308 0 -16.35
0.286 0 -16.65
0.308 0 -17.6
0.33 0 -17.85
0.308 0 -18.35
0.33 0 -18.7
0.308 0 -19.05
0.33 0 -19.35
0.352 0 -19.55
0.33 0 -19.65
0.352 0 -19.8
0.33 0 -19.75
0.352 0 -19.65
0.374 0 -19.5
0.352 0 -19.3
0.374 0 -19.15
0.352 0 -18.75
0.374 0 -18.4
0.396 0 -17.85
0.374 0 -17.45
0.396 0 -16.85
0.374 0 -16.05
0.396 0 -15.4
0.418 0 -14.45
0.396 0 -13.3
0.418 0 -12.5
0.396 0 -11.2
0.418 0 -9.4
0.44 0 -8.25
0.418 0 -6.2
0.44 0 -3.8
0.418 0 -3.65
0.44 0 -5.55
0.462 0 -7.95
0.44 0 -9.1
0.462 0 -10.85
0.44 0 -11.85
0.462 0 -13.3
0.484 0 -14.05
0.462 0 -15.1
0.484 0 -15.75
0.462 0 -16.5
0.484 0 -17.05
0.506 0 -17.65
0.484 0 -18.1
0.506 0 -18.6
0.484 0 -19
0.506 0 -19.15
0.528 0 -19.45
0.506 0 -19.6
0.528 0 -19.75
0.506 0 -19.75
0.528 0 -19.75
0.55 0 -19.65
0.528 0 -19.4
0.55 0 -19.3
0.528 0 -19.1
0.55 0 -18.55
0.572 0 -18.3
0.55 0 -17.7
0.572 0 -17.25
0.55 0 -16.65
0.572 0 -15.8
0.594 0 -15.05
0.572 0 -14.05
0.594 0 -12.6
0.572 0 -11.85
0.594 0 -10.35
0.616 0 -8.6
0.594 0 -7.3
0.616 0 -5.15
0.594 0 -5.55
0.616 0 -8
0.638 0 -9.4
0.616 0 -11.2
0.638 0 -12.55
0.616 0 -13.8
0.638 0 -15.35
0.66 0 -16.1
0.638 0 -17.15
0.66 0 -17.75
0.638 0 -18.55
0.66 0 -19.1
0.682 0 -19.65
0.66 0 -20.1
0.682 0 -20.65
0.66 0 -20.9
0.682 0 -21.25
0.704 0 -21.35
0.682 0 -21.55
0.704 0 -21.65
0.682 0 -21.7
0.704 0 -21.65
0.726 0 -21.55
0.704 0 -21.45
0.726 0 -21.25
0.704 0 -20.95
0.726 0 -20.7
0.748 0 -20.25
0.726 0 -19.65
0.748 0 -19.25
0.726 0 -18.55
0.748 0 -17.8
0.77 0 -17.05
0.748 0 -15.75
0.77 0 -15.1
0.748 0 -13.7
0.77 0 -11.3
0.792 0 -10.45
0.77 0 -8.4
0.792 0 -7.45
0.77 0 -5.65
0.792 0 -7.45
0.814 0 -8.7
0.792 0 -10.5
0.814 0 -12.1
0.792 0 -13.25
0.814 0 -14.8
0.836 0 -15.7
0.814 0 -17
0.836 0 -17.3
0.814 0 -18.5
0.836 0 -19
0.858 0 -19.45
0.836 0 -19.65
0.858 0 -20.3
0.836 0 -20.95
0.858 0 -21.25
0.88 0 -21.05
0.858 0 -21.4
0.88 0 -21.6
0.858 0 -21.65
0.88 0 -21.45
0.902 0 -21.55
0.88 0 -21.6
0.902 0 -21.35
0.88 0 -21.15
0.902 0 -20.8
0.924 0 -20.65
0.902 0 -19.6
0.924 0 -18.7
0.902 0 -18.35
0.924 0 -17.5
0.946 0 -16.7
0.924 0 -15.8
0.946 0 -14.85
0.924 0 -13.35
0.946 0 -12.4
0.968 0 -10.9
0.946 0 -9.35
0.968 0 -7.45
0.946 0 -5.5
0.968 0 -5.35
0.99 0 -7.65
0.968 0 -9.35
0.99 0 -10.5
0.968 0 -12.05
0.99 0 -13.05
1.012 0 -14.1
0.99 0 -15.35
1.012 0 -15.9
0.99 0 -16.65
1.012 0 -17.45
1.034 0 -17.8
1.012 0 -18.4
1.034 0 -18.65
1.012 0 -19.05
1.034 0 -19.25
1.056 0 -19.5
1.034 0 -19.65
1.056 0 -19.7
1.034 0 -19.7
1.056 0 -19.6
1.078 0 -19.5
1.056 0 -19.35
1.078 0 -19.05
1.056 0 -18.9
1.078 0 -18.4
1.1 0 -18
1.078 0 -17.55
1.1 0 -16.7
1.078 0 -16.3
1.1 0 -15.35
1.122 0 -14.65
1.1 0 -13.6
1.122 0 -12
1.1 0 -11.35
1.122 0 -9.4
1.144 0 -8.45
1.122 0 -6.45
1.144 0 -4.8
1.122 0 -3.5
1.144 0 -5.6
1.166 0 -7.2
1.144 0 -8.9
1.166 0 -11.15
1.144 0 -11.75
1.166 0 -13.2
1.188 0 -13.9
1.166 0 -15
1.188 0 -15.6
1.166 0 -16.4
1.188 0 -17.1
1.21 0 -17.55
1.188 0 -18.25
1.21 0 -18.5
1.188 0 -18.95
1.21 0 -19.3
1.232 0 -19.4
1.21 0 -19.65
1.232 0 -19.75
1.21 0 -19.8
1.232 0 -19.7
1.254 0 -19.65
1.232 0 -19.55
1.254 0 -19.35
1.232 0 -19.1
1.254 0 -18.8
1.276 0 -18.35
1.254 0 -17.65
1.276 0 -17.3
1.254 0 -16.55
1.276 0 -16
1.298 0 -14.95
1.276 0 -14.25
1.298 0 -13.15
1.276 0 -12
1.298 0 -10.7
1.32 0 -8.95
1.298 0 -7.5
1.32 0 -5.45
1.298 0 -5.45
1.32 0 -7.5
1.342 0 -9.5
1.32 0 -11
1.342 0 -12.5
1.32 0 -14
1.342 0 -14.95
1.364 0 -16.1
1.342 0 -17.4
1.364 0 -17.75
1.342 0 -18.65
1.364 0 -19.1
1.386 0 -19.7
1.364 0 -20.05
1.386 0 -20.6
1.364 0 -20.85
1.386 0 -21.2
1.408 0 -21.4
1.386 0 -21.55
1.408 0 -21.65
1.386 0 -21.65
1.408 0 -21.65
1.43 0 -21.6
1.408 0 -21.5
1.43 0 -21.25
1.408 0 -21
1.43 0 -20.65
1.452 0 -20.1
1.43 0 -19.75
1.452 0 -19
1.43 0 -18.6
1.452 0 -17.65
1.474 0 -17.15
1.452 0 -16
1.474 0 -15.15
1.452 0 -13.75
1.474 0 -12.2
1.496 0 -10.65
1.474 0 -8.55
1.496 0 -6.85
1.474 0 -6
1.496 0 -6.95
1.518 0 -8.65
1.496 0 -10.25
1.518 0 -11.6
1.496 0 -13.35
1.518 0 -14.85
1.54 0 -15.5
1.518 0 -16.7
1.54 0 -17.45
1.518 0 -18.3
1.54 0 -18.95
1.562 0 -19.2
1.54 0 -19.8
1.562 0 -20.5
1.54 0 -20.65
1.562 0 -20.75
1.584 0 -21.1
1.562 0 -21.45
1.584 0 -21.6
1.562 0 -21.5
1.584 0 -21.55
1.606 0 -21.7
1.584 0 -21.8
1.606 0 -21.45
1.584 0 -21.2
1.606 0 -21.05
1.628 0 -20.85
1.606 0 -19.5
1.628 0 -19.05
1.606 0 -18.3
1.628 0 -17.15
1.65 0 -16.75
1.628 0 -15.6
1.65 0 -14.95
1.628 0 -13.5
1.65 0 -12.55
1.672 0 -11.1
1.65 0 -9.25
1.672 0 -7.7
1.65 0 -5.55
1.672 0 -6.1
1.694 0 -7.1
1.672 0 -9.25
1.694 0 -10.35
1.672 0 -11.7
1.694 0 -13.2
1.716 0 -14
1.694 0 -15.2
1.716 0 -15.8
1.694 0 -16.5
1.716 0 -17.4
1.738 0 -17.75
1.716 0 -18.3
1.738 0 -18.65
1.716 0 -19.05
1.738 0 -19.25
1.76 0 -19.45
1.738 0 -19.65
1.76 0 -19.75
1.738 0 -19.7
1.76 0 -19.65
1.782 0 -19.5
1.76 0 -19.4
1.782 0 -19.15
1.76 0 -18.8
1.782 0 -18.45
1.804 0 -18
1.782 0 -17.25
1.804 0 -17
1.782 0 -16.05
1.804 0 -15.6
1.826 0 -14.65
1.804 0 -13.15
1.826 0 -12.65
1.804 0 -11
1.826 0 -10.1
1.848 0 -8.5
1.826 0 -6.7
1.848 0 -4.35
1.826 0 -3.4
1.848 0 -5.7
1.87 0 -7
1.848 0 -9.05
1.87 0 -10.2
1.848 0 -11.9
1.87 0 -12.75
1.892 0 -13.8
1.87 0 -14.8
1.892 0 -15.55
1.87 0 -16.3
1.892 0 -17.15
1.914 0 -17.45
1.892 0 -18.15
1.914 0 -18.45
1.892 0 -18.95
1.914 0 -19.25
1.936 0 -19.45
1.914 0 -19.65
1.936 0 -19.8
1.914 0 -19.8
1.936 0 -19.8
1.958 0 -19.65
1.936 0 -19.6
1.958 0 -19.45
1.936 0 -19
1.958 0 -18.85
1.98 0 -18.4
1.958 0 -17.95
1.98 0 -17.35
1.958 0 -16.8
1.98 0 -16.05
2.002 0 -15.1
1.98 0 -14.25
2.002 0 -13
1.98 0 -12.1
2.002 0 -10.45
2.024 0 -9.3
2.002 0 -7.6
2.024 0 -5.85
2.002 0 -5.35
2.024 0 -7.8
2.046 0 -9.2
2.024 0 -11.15
2.046 0 -12.4
2.024 0 -13.85
2.046 0 -14.9
2.068 0 -16
2.046 0 -17.05
2.068 0 -17.65
2.046 0 -18.45
2.068 0 -19.05
2.09 0 -19.55
2.068 0 -20.2
2.09 0 -20.45
2.068 0 -20.9
2.09 0 -21.15
2.112 0 -21.35
2.09 0 -21.6
2.112 0 -21.65
2.09 0 -21.65
2.112 0 -21.65
2.134 0 -21.65
2.112 0 -21.4
2.134 0 -21.3
2.112 0 -21
2.134 0 -20.75
2.156 0 -20.25
2.134 0 -19.75
2.156 0 -19.15
2.134 0 -18.4
2.156 0 -17.95
2.178 0 -17.1
2.156 0 -16.25
2.178 0 -15.25
2.156 0 -13.7
2.178 0 -12.35
2.2 0 -10.7
2.178 0 -8.2
2.2 0 -7.4
2.178 0 -6
2.2 0 -7.1
2.222 0 -8.25
2.2 0 -9.8
2.222 0 -12.05
2.2 0 -13.25
2.222 0 -14.3
2.244 0 -15.55
2.222 0 -16.7
2.244 0 -17.7
2.222 0 -18.35
2.244 0 -18.6
2.266 0 -19.4
2.244 0 -19.95
2.266 0 -20.35
2.244 0 -20.55
2.266 0 -20.85
2.288 0 -21.25
2.266 0 -21.55
2.288 0 -21.45
2.266 0 -21.55
2.288 0 -21.75
2.31 0 -21.8
2.288 0 -21.5
2.31 0 -21.4
2.288 0 -21.25
2.31 0 -20.75
2.332 0 -20.55
2.31 0 -19.45
2.332 0 -19
2.31 0 -18.2
2.332 0 -17.65
2.354 0 -16.85
2.332 0 -16
2.354 0 -14.95
2.332 0 -13.85
2.354 0 -12.55
2.376 0 -10.75
2.354 0 -9.6
2.376 0 -7.75
2.354 0 -5.8
2.376 0 -5.05
2.398 0 -7
2.376 0 -9.2
2.398 0 -10.2
2.376 0 -11.9
2.398 0 -13.2
2.42 0 -13.85
2.398 0 -14.9
2.42 0 -15.65
2.398 0 -16.4
2.42 0 -17.2
2.442 0 -17.7
2.42 0 -18.15
2.442 0 -18.7
2.42 0 -19
2.442 0 -19.2
2.464 0 -19.55
2.442 0 -19.6
2.464 0 -19.7
2.442 0 -19.65
2.464 0 -19.6
2.486 0 -19.55
2.464 0 -19.45
2.486 0 -19.25
2.464 0 -18.7
2.486 0 -18.5
2.508 0 -17.95
2.486 0 -17.6
2.508 0 -17.05
2.486 0 -16.35
2.508 0 -15.7
2.53 0 -14.85
2.508 0 -13.75
2.53 0 -12.8
2.508 0 -11.55
2.53 0 -9.6
2.552 0 -8.75
2.53 0 -6.45
2.552 0 -5.15
2.53 0 -3.4
2.552 0 -4.9
2.574 0 -7.25
2.552 0 -8.85
2.574 0 -10.1
2.552 0 -11.5
2.574 0 -12.95
2.596 0 -13.7
2.574 0 -14.75
2.596 0 -15.8
2.574 0 -16.25
2.596 0 -17
2.618 0 -17.4
2.596 0 -18
2.618 0 -18.75
2.596 0 -18.9
2.618 0 -19.25
2.64 0 -19.45
2.618 0 -19.6
2.64 0 -19.75
2.618 0 -19.8
2.64 0 -19.75
2.662 0 -19.75
2.64 0 -19.6
2.662 0 -19.5
2.64 0 -19.15
2.662 0 -18.9
2.684 0 -18.5
2.662 0 -17.8
2.684 0 -17.45
2.662 0 -16.85
2.684 0 -16.05
2.706 0 -15.35
2.684 0 -14.3
2.706 0 -13.25
2.684 0 -12.25
2.706 0 -10.9
2.728 0 -9.05
2.706 0 -7.85
2.728 0 -5.85
2.706 0 -5.3
2.728 0 -7.2
2.75 0 -9.55
2.728 0 -10.75
2.75 0 -12.25
2.728 0 -14
2.75 0 -14.8
2.772 0 -15.85
2.75 0 -16.9
2.772 0 -17.5
2.75 0 -18.3
2.772 0 -19.1
2.794 0 -19.5
2.772 0 -20
2.794 0 -20.6
2.772 0 -20.8
2.794 0 -21.2
2.816 0 -21.35
2.794 0 -21.55
2.816 0 -21.65
2.794 0 -21.7
2.816 0 -21.65
2.838 0 -21.65
2.816 0 -21.55
2.838 0 -21.35
2.816 0 -21
2.838 0 -20.8
2.86 0 -20.25
2.838 0 -19.6
2.86 0 -19.25
2.838 0 -18.6
2.86 0 -18
2.882 0 -17
2.86 0 -16.25
2.882 0 -14.85
2.86 0 -13.75
2.882 0 -12.35
2.904 0 -10.6
2.882 0 -8.2
2.904 0 -7.35
2.882 0 -6.1
2.904 0 -6.85
2.926 0 -8
2.904 0 -9.8
2.926 0 -11.95
2.904 0 -13.35
2.926 0 -14.2
2.948 0 -15.6
2.926 0 -17.15
2.948 0 -17.45
2.926 0 -18.15
2.948 0 -18.9
2.97 0 -19.4
2.948 0 -20
2.97 0 -20.35
2.948 0 -20.7
2.97 0 -21.05
2.992 0 -21.35
2.97 0 -21.5
2.992 0 -21.5
2.97 0 -21.8
2.992 0 -21.8
3.014 0 -21.65
2.992 0 -21.4
3.014 0 -21.45
2.992 0 -21.5
3.014 0 -20.8
3.036 0 -20.65
3.014 0 -19.55
3.036 0 -19
3.014 0 -18.4
3.036 0 -17.55
3.058 0 -17
3.036 0 -16.1
3.058 0 -14.9
3.036 0 -13.95
3.058 0 -12.55
3.08 0 -10.95
3.058 0 -9.8
3.08 0 -7.8
3.058 0 -6.05
3.08 0 -4.9
3.102 0 -6.95
3.08 0 -8.7
3.102 0 -10.05
3.08 0 -11.55
3.102 0 -12.7
3.124 0 -13.7
3.102 0 -14.95
3.124 0 -15.8
3.102 0 -16.35
3.124 0 -17
3.146 0 -17.65
3.124 0 -18.15
3.146 0 -18.55
3.124 0 -19.05
3.146 0 -19.15
3.168 0 -19.4
3.146 0 -19.65
3.168 0 -19.65
3.146 0 -19.7
3.168 0 -19.6
3.19 0 -19.55
3.168 0 -19.4
3.19 0 -19.25
3.168 0 -18.9
3.19 0 -18.55
3.212 0 -18.15
3.19 0 -17.55
3.212 0 -17.1
3.19 0 -16.45
3.212 0 -15.7
3.234 0 -14.65
3.212 0 -13.95
3.234 0 -12.7
3.212 0 -11.7
3.234 0 -10.2
3.256 0 -8.85
3.234 0 -7.15
3.256 0 -4.95
3.234 0 -3.45
3.256 0 -5.05
3.278 0 -6.65
3.256 0 -8.55
3.278 0 -10.05
3.256 0 -11.7
3.278 0 -12.55
3.3 0 -13.65
3.278 0 -14.85
3.3 0 -15.4
3.278 0 -16.35
3.3 0 -16.8
3.322 0 -17.45
3.3 0 -18.2
3.322 0 -18.4
3.3 0 -18.9
3.322 0 -19.3
3.344 0 -19.45
3.322 0 -19.65
3.344 0 -19.8
3.322 0 -19.8
3.344 0 -19.8
3.366 0 -19.75
3.344 0 -19.6
3.366 0 -19.5
3.344 0 -19.25
3.366 0 -18.85
3.388 0 -18.55
3.366 0 -18.1
3.388 0 -17.45
3.366 0 -16.9
3.388 0 -16.05
3.41 0 -15.45
3.388 0 -14.5
3.41 0 -13.5
3.388 0 -12.35
3.41 0 -10.5
3.432 0 -9.6
3.41 0 -7.9
3.432 0 -5.3
3.41 0 -5.3
3.432 0 -7.65
3.454 0 -8.85
3.432 0 -11.45
3.454 0 -12.1
3.432 0 -13.6
3.454 0 -14.65
3.476 0 -15.85
3.454 0 -16.7
3.476 0 -17.55
3.454 0 -18.3
3.476 0 -18.85
3.498 0 -19.5
3.476 0 -19.95
3.498 0 -20.4
3.476 0 -20.8
3.498 0 -21.2
3.52 0 -21.35
3.498 0 -21.5
3.52 0 -21.65
3.498 0 -21.65
3.52 0 -21.75
3.542 0 -21.65
3.52 0 -21.5
3.542 0 -21.3
3.52 0 -21.1
3.542 0 -20.55
3.564 0 -20.25
3.542 0 -19.6
3.564 0 -19.3
3.542 0 -18.75
3.564 0 -17.75
3.586 0 -17.25
3.564 0 -16.25
3.586 0 -14.35
3.564 0 -13.7
3.586 0 -11.7
3.608 0 -10.9
3.586 0 -8.95
3.608 0 -7.35
3.586 0 -5.85
3.608 0 -5.8
3.63 0 -8.05
3.608 0 -10.45
3.63 0 -11.7
3.608 0 -13
3.63 0 -15.1
3.652 0 -15.65
3.63 0 -16.7
3.652 0 -17.9
3.63 0 -18.2
3.652 0 -19.25
3.674 0 -19.5
3.652 0 -19.85
3.674 0 -20.4
3.652 0 -20.75
3.674 0 -21.3
3.696 0 -21.45
3.674 0 -21.6
3.696 0 -21.7
3.674 0 -21.9
3.696 0 -21.8
3.718 0 -21.65
3.696 0 -21.6
3.718 0 -21.6
3.696 0 -21.25
3.718 0 -21.05
3.74 0 -20.8
3.718 0 -19.65
3.74 0 -19.15
3.718 0 -18.45
3.74 0 -17.85
3.762 0 -17.1
3.74 0 -16.1
3.762 0 -14.7
3.74 0 -14.1
3.762 0 -12.45
3.784 0 -11.55
3.762 0 -9.6
3.784 0 -8.25
3.762 0 -6
3.784 0 -5.75
3.806 0 -6.6
3.784 0 -9.05
3.806 0 -9.9
3.784 0 -11.7
3.806 0 -12.6
3.828 0 -13.7
3.806 0 -14.7
3.828 0 -15.5
3.806 0 -16.5
3.828 0 -16.95
3.85 0 -17.55
3.828 0 -18.1
3.85 0 -18.75
3.828 0 -18.85
3.85 0 -19.15
3.872 0 -19.4
3.85 0 -19.55
3.872 0 -19.65
3.85 0 -19.65
3.872 0 -19.65
3.894 0 -19.6
3.872 0 -19.4
3.894 0 -19.2
3.872 0 -19
3.894 0 -18.6
3.916 0 -18.15
3.894 0 -17.65
3.916 0 -17.15
3.894 0 -16.35
3.916 0 -15.75
3.938 0 -14.9
3.916 0 -13.95
3.938 0 -12.9
3.916 0 -11.75
3.938 0 -10.45
3.96 0 -8.8
3.938 0 -6.2
3.96 0 -5.45
3.938 0 -3.45
3.96 0 -4.9
3.982 0 -6.4
3.96 0 -8.3
3.982 0 -10.05
3.96 0 -11.25
3.982 0 -12.65
4.004 0 -13.55
3.982 0 -14.65
4.004 0 -15.55
3.982 0 -16.1
4.004 0 -16.8
4.026 0 -17.55
4.004 0 -17.9
4.026 0 -18.45
4.004 0 -18.85
4.026 0 -19.25
4.048 0 -19.5
4.026 0 -19.7
4.048 0 -19.75
4.026 0 -19.9
4.048 0 -19.8
4.07 0 -19.75
4.048 0 -19.6
4.07 0 -19.45
4.048 0 -19.15
4.07 0 -18.9
4.092 0 -18.6
4.07 0 -18.15
4.092 0 -17.6
4.07 0 -16.85
4.092 0 -16.3
4.114 0 -15.2
4.092 0 -14.65
4.114 0 -13.4
4.092 0 -12.45
4.114 0 -11
4.136 0 -9.75
4.114 0 -8
4.136 0 -7.95
4.114 0 -5.4
4.136 0 -6.85
4.158 0 -9.35
4.136 0 -10.4
4.158 0 -12.2
4.136 0 -13.3
4.158 0 -14.6
4.18 0 -15.8
4.158 0 -16.6
4.18 0 -17.4
4.158 0 -18.3
4.18 0 -18.85
4.202 0 -19.6
4.18 0 -19.95
4.202 0 -20.4
4.18 0 -20.75
4.202 0 -21.15
4.224 0 -21.35
4.202 0 -21.55
4.224 0 -21.65
4.202 0 -21.65
4.224 0 -21.65
4.246 0 -21.65
4.224 0 -21.55
4.246 0 -21.35
4.224 0 -21.05
4.246 0 -20.65
4.268 0 -20.3
4.246 0 -19.8
4.268 0 -19.1
4.246 0 -18.75
4.268 0 -18
4.29 0 -17.3
4.268 0 -16.25
4.29 0 -15.05
4.268 0 -13.75
4.29 0 -12.4
4.312 0 -11.05
4.29 0 -9.3
4.312 0 -6.85
4.29 0 -6.05
4.312 0 -5.85
4.334 0 -7.85
4.312 0 -10
4.334 0 -11.35
4.312 0 -13.15
4.334 0 -14.35
4.356 0 -15.65
4.334 0 -16.45
4.356 0 -17.4
4.334 0 -18.5
4.356 0 -19.15
4.378 0 -19.4
4.356 0 -19.8
4.378 0 -20.45
4.356 0 -20.9
4.378 0 -21.05
4.4 0 -21.2
4.378 0 -21.6
4.4 0 -21.95
4.378 0 -21.75
4.4 0 -21.75
4.422 0 -21.7
4.4 0 -21.65
4.422 0 -21.65
4.4 0 -21.25
4.422 0 -21.1
4.444 0 -21
4.422 0 -19.75
4.444 0 -19.2
4.422 0 -18.5
4.444 0 -17.75
4.466 0 -17.15
4.444 0 -16.3
4.466 0 -15.05
4.444 0 -14.2
4.466 0 -12.8
4.488 0 -11.65
4.466 0 -10.05
4.488 0 -7.75
4.466 0 -6.4
4.488 0 -4.75
4.51 0 -7.3
4.488 0 -8.15
4.51 0 -10.15
4.488 0 -11.25
4.51 0 -12.6
4.532 0 -13.55
4.51 0 -14.65
4.532 0 -15.45
4.51 0 -16.25
4.532 0 -17
4.554 0 -17.5
4.532 0 -18.05
4.554 0 -18.4
4.532 0 -18.95
4.554 0 -19.25
4.576 0 -19.4
4.554 0 -19.6
4.576 0 -19.65
4.554 0 -19.65
4.576 0 -19.6
4.598 0 -19.55
4.576 0 -19.4
4.598 0 -19.2
4.576 0 -18.95
4.598 0 -18.5
4.62 0 -18.25
4.598 0 -17.7
4.62 0 -17
4.598 0 -16.55
4.62 0 -15.7
4.642 0 -15.05
4.62 0 -14
4.642 0 -13.1
4.62 0 -11.9
4.642 0 -10.6
4.664 0 -9.15
4.642 0 -7.35
4.664 0 -4.7
4.642 0 -3.65
4.664 0 -4.25
4.686 0 -6.65
4.664 0 -8
4.686 0 -9.95
4.664 0 -11.1
4.686 0 -12.4
4.708 0 -13.75
4.686 0 -14.4
4.708 0 -15.3
4.686 0 -16
4.708 0 -16.65
4.73 0 -17.4
4.708 0 -17.9
4.73 0 -18.5
4.708 0 -18.8
4.73 0 -19.15
4.752 0 -19.5
4.73 0 -19.55
4.752 0 -19.8
4.73 0 -19.8
4.752 0 -19.85
4.774 0 -19.8
4.752 0 -19.7
4.774 0 -19.5
4.752 0 -19.35
4.774 0 -19
4.796 0 -18.6
4.774 0 -18.1
4.796 0 -17.65
4.774 0 -17.05
4.796 0 -16.1
4.818 0 -15.55
4.796 0 -14.5
4.818 0 -13.65
4.796 0 -12.4
4.818 0 -11.3
4.84 0 -9.75
4.818 0 -8.25
4.84 0 -5.75
4.818 0 -5.55
4.84 0 -6.75
4.862 0 -9.55
4.84 0 -10.3
4.862 0 -12.15
4.84 0 -13.2
4.862 0 -14.65
4.884 0 -15.55
4.862 0 -16.6
4.884 0 -17.4
4.862 0 -18.1
4.884 0 -18.8
4.906 0 -19.5
4.884 0 -19.85
4.906 0 -20.35
4.884 0 -20.9
4.906 0 -21
4.928 0 -21.35
4.906 0 -21.5
4.928 0 -21.6
4.906 0 -21.7
4.928 0 -21.7
4.95 0 -21.65
4.928 0 -21.45
4.95 0 -21.25
4.928 0 -21
4.95 0 -20.75
4.972 0 -20.25
4.95 0 -19.9
4.972 0 -19.3
4.95 0 -18.8
4.972 0 -18.05
4.994 0 -17.25
4.972 0 -16.25
4.994 0 -14.85
4.972 0 -13.95
4.994 0 -12.6
5.016 0 -11.2
4.994 0 -9.4
5.016 0 -7.35
4.994 0 -5.95
5.016 0 -5.65
5.038 0 -8.55
5.016 0 -9.55
5.038 0 -11.1
5.016 0 -13.65
5.038 0 -14.4
5.06 0 -15.55
5.038 0 -16.4
5.06 0 -17.5
5.038 0 -18.55
5.06 0 -18.95
5.082 0 -19.45
5.06 0 -19.95
5.082 0 -20.45
5.06 0 -20.85
5.082 0 -21.05
5.104 0 -21.4
5.082 0 -21.7
5.104 0 -21.95
5.082 0 -21.8
5.104 0 -21.7
5.126 0 -21.8
5.104 0 -21.75
5.126 0 -21.6
5.104 0 -21.35
5.126 0 -21.25
5.148 0 -21.1
5.126 0 -20.2
5.148 0 -19.25
5.126 0 -18.55
5.148 0 -17.8
5.17 0 -17.2
5.148 0 -16.4
5.17 0 -14.95
5.148 0 -14.3
5.17 0 -12.7
5.192 0 -11.75
5.17 0 -9.9
5.192 0 -7.3
5.17 0 -6.45
5.192 0 -4.75
5.214 0 -6.15
5.192 0 -8.25
5.214 0 -9.65
5.192 0 -11.25
5.214 0 -12.4
5.236 0 -13.5
5.214 0 -14.7
5.236 0 -15.35
5.214 0 -16.15
5.236 0 -16.85
5.258 0 -17.6
5.236 0 -17.95
5.258 0 -18.45
5.236 0 -18.85
5.258 0 -19.05
5.28 0 -19.35
5.258 0 -19.55
5.28 0 -19.55
5.258 0 -19.65
5.28 0 -19.65
5.302 0 -19.6
5.28 0 -19.5
5.302 0 -19.25
5.28 0 -19
5.302 0 -18.7
5.324 0 -18.2
5.302 0 -17.8
5.324 0 -17.25
5.302 0 -16.55
5.324 0 -15.9
5.346 0 -14.75
5.324 0 -14.2
5.346 0 -12.95
5.324 0 -12.05
5.346 0 -10.45
5.368 0 -9.3
5.346 0 -7.45
5.368 0 -5.8
5.346 0 -3.7
5.368 0 -4.05
5.39 0 -6.05
5.368 0 -8.3
5.39 0 -9.5
5.368 0 -11.3
5.39 0 -12.3
5.412 0 -13.5
5.39 0 -14.35
5.412 0 -15.25
5.39 0 -16.2
5.412 0 -16.65
5.434 0 -17.4
5.412 0 -18.15
5.434 0 -18.4
5.412 0 -18.95
5.434 0 -19.2
5.456 0 -19.45
5.434 0 -19.6
5.456 0 -19.75
5.434 0 -19.9
5.456 0 -19.9
5.478 0 -19.8
5.456 0 -19.75
5.478 0 -19.55
5.456 0 -19.25
5.478 0 -19
5.5 0 -18.55
5.478 0 -18.2
5.5 0 -17.65
5.478 0 -16.95
5.5 0 -16.4
5.522 0 -15.55
5.5 0 -14.8
5.522 0 -13.75
5.5 0 -12.65
5.522 0 -11.15
5.544 0 -10
5.522 0 -8.3
5.544 0 -6.55
5.522 0 -5.6
5.544 0 -6.95
5.566 0 -8.4
5.544 0 -10.4
5.566 0 -11.65
5.544 0 -13.05
5.566 0 -14.65
5.588 0 -15.45
5.566 0 -16.45
5.588 0 -17.3
5.566 0 -18
5.588 0 -18.85
5.61 0 -19.35
5.588 0 -19.9
5.61 0 -20.3
5.588 0 -20.7
5.61 0 -21.15
5.632 0 -21.3
5.61 0 -21.55
5.632 0 -21.6
5.61 0 -21.7
5.632 0 -21.7
5.654 0 -21.6
5.632 0 -21.5
5.654 0 -21.25
5.632 0 -21
5.654 0 -20.8
5.676 0 -20.4
5.654 0 -19.9
5.676 0 -19.3
5.654 0 -18.8
5.676 0 -18.05
5.698 0 -17.25
5.676 0 -16
5.698 0 -15.15
5.676 0 -13.95
5.698 0 -12.7
5.72 0 -10.9
5.698 0 -9.2
5.72 0 -7.75
5.698 0 -5.85
5.72 0 -6.4
5.742 0 -7.65
5.72 0 -9.55
5.742 0 -11.2
5.72 0 -13.05
5.742 0 -14.2
5.764 0 -15.65
5.742 0 -16.6
5.764 0 -17.7
5.742 0 -18.05
5.764 0 -18.8
5.786 0 -19.35
5.764 0 -20.2
5.786 0 -20.45
5.764 0 -20.8
5.786 0 -21.2
5.808 0 -21.6
5.786 0 -21.8
5.808 0 -21.8
5.786 0 -21.9
5.808 0 -21.8
5.83 0 -21.9
5.808 0 -21.8
5.83 0 -21.6
5.808 0 -21.6
5.83 0 -21.3
5.852 0 -21.1
5.83 0 -20.8
5.852 0 -19.3
5.83 0 -18.6
5.852 0 -18
5.874 0 -17.25
5.852 0 -16
5.874 0 -15.5
5.852 0 -14.1
5.874 0 -13.15
5.896 0 -11.65
5.874 0 -10.4
5.896 0 -8.5
5.874 0 -6.4
5.896 0 -4.85
5.918 0 -6.05
5.896 0 -8.4
5.918 0 -9.5
5.896 0 -11.1
5.918 0 -12.65
5.94 0 -13.4
5.918 0 -14.4
5.94 0 -15.7
5.918 0 -16.05
5.94 0 -16.9
5.962 0 -17.4
5.94 0 -17.95
5.962 0 -18.35
5.94 0 -18.75
5.962 0 -19.05
5.984 0 -19.3
5.962 0 -19.55
5.984 0 -19.6
5.962 0 -19.65
5.984 0 -19.65
6.006 0 -19.6
5.984 0 -19.45
6.006 0 -19.3
5.984 0 -19
6.006 0 -18.65
6.028 0 -18.3
6.006 0 -17.8
6.028 0 -16.95
6.006 0 -16.65
6.028 0 -15.95
6.05 0 -15.15
6.028 0 -14.2
6.05 0 -13.3
6.028 0 -12.15
6.05 0 -10.6
6.072 0 -9.4
6.05 0 -7.7
6.072 0 -5.9
6.05 0 -3.95
6.072 0 -4.05
6.094 0 -5.95
6.072 0 -7.8
6.094 0 -9.9
6.072 0 -10.85
6.094 0 -12.2
6.116 0 -13.4
6.094 0 -14.4
6.116 0 -15.1
6.094 0 -15.95
6.116 0 -16.65
6.138 0 -17.25
6.116 0 -17.95
6.138 0 -18.45
6.116 0 -18.8
6.138 0 -19.1
6.16 0 -19.4
6.138 0 -19.65
6.16 0 -19.8
6.138 0 -19.85
6.16 0 -19.85
6.182 0 -19.8
6.16 0 -19.7
6.182 0 -19.6
6.16 0 -19.4
6.182 0 -19.05
6.204 0 -18.75
6.182 0 -18.3
6.204 0 -17.75
6.182 0 -16.95
6.204 0 -16.55
6.226 0 -15.6
6.204 0 -14.85
6.226 0 -13.8
6.204 0 -12.55
6.226 0 -11.3
6.248 0 -9.6
6.226 0 -8.6
6.248 0 -6.45
6.226 0 -5.8
6.248 0 -6.4
6.27 0 -9
6.248 0 -9.9
6.27 0 -11.7
6.248 0 -12.95
6.27 0 -14.2
6.292 0 -15.65
6.27 0 -16.35
6.292 0 -17.3
6.27 0 -18.2
6.292 0 -18.65
6.314 0 -19.5
6.292 0 -19.8
6.314 0 -20.35
6.292 0 -20.7
6.314 0 -21.05
6.336 0 -21.25
6.314 0 -21.5
6.336 0 -21.6
6.314 0 -21.7
6.336 0 -21.65
6.358 0 -21.6
6.336 0 -21.45
6.358 0 -21.2
6.336 0 -21.1
6.358 0 -20.85
6.38 0 -20.35
6.358 0 -19.9
6.38 0 -19.25
6.358 0 -18.9
6.38 0 -17.95
6.402 0 -17.05
6.38 0 -16.2
6.402 0 -15.1
6.38 0 -13.9
6.402 0 -12.7
6.424 0 -11.2
6.402 0 -8.9
6.424 0 -7.85
6.402 0 -5.3
6.424 0 -5.45
6.446 0 -7.45
6.424 0 -9.85
6.446 0 -11.2
6.424 0 -12.95
6.446 0 -14
6.468 0 -15.2
6.446 0 -16.65
6.468 0 -17.35
6.446 0 -17.75
6.468 0 -18.65
6.49 0 -19.5
6.468 0 -20
6.49 0 -20.4
6.468 0 -20.9
6.49 0 -21.25
6.512 0 -21.7
6.49 0 -21.6
6.512 0 -21.7
6.49 0 -21.8
6.512 0 -21.9
6.534 0 -21.7
6.512 0 -21.65
6.534 0 -21.65
6.512 0 -21.6
6.534 0 -21.4
6.556 0 -21.25
6.534 0 -21
6.556 0 -19.35
6.534 0 -18.7
6.556 0 -18.05
6.578 0 -17.1
6.556 0 -16.55
6.578 0 -15.6
6.556 0 -14.3
6.578 0 -13.3
6.6 0 -11.95
6.578 0 -10
6.6 0 -8.9
6.578 0 -6.9
6.6 0 -4.9
6.622 0 -5.8
6.6 0 -7.7
6.622 0 -9.7
6.6 0 -10.85
6.622 0 -12.2
6.644 0 -13.25
6.622 0 -14.3
6.644 0 -15.35
6.622 0 -16.45
6.644 0 -16.75
6.666 0 -17.45
6.644 0 -17.85
6.666 0 -18.4
6.644 0 -18.65
6.666 0 -19.05
6.688 0 -19.3
6.666 0 -19.5
6.688 0 -19.65
6.666 0 -19.65
6.688 0 -19.7
6.71 0 -19.6
6.688 0 -19.4
6.71 0 -19.3
6.688 0 -19.05
6.71 0 -18.6
6.732 0 -18.35
6.71 0 -17.65
6.732 0 -17.35
6.71 0 -16.7
6.732 0 -15.85
6.754 0 -15.25
6.732 0 -14.1
6.754 0 -13.35
6.732 0 -12
6.754 0 -10.95
6.776 0 -9.3
6.754 0 -7.95
6.776 0 -5.95
6.754 0 -4.15
6.776 0 -3.7
6.798 0 -6.4
6.776 0 -7.6
6.798 0 -9.35
6.776 0 -11.1
6.798 0 -12
6.82 0 -13.3
6.798 0 -14.15
6.82 0 -15.15
6.798 0 -16.2
6.82 0 -16.55
6.842 0 -17.3
6.82 0 -17.7
6.842 0 -18.25
6.82 0 -18.8
6.842 0 -19.1
6.864 0 -19.4
6.842 0 -19.65
6.864 0 -19.8
6.842 0 -19.9
6.864 0 -19.9
6.886 0 -19.85
6.864 0 -19.65
6.886 0 -19.55
6.864 0 -19.4
6.886 0 -19.1
6.908 0 -18.75
6.886 0 -18.2
6.908 0 -17.8
6.886 0 -17.15
6.908 0 -16.5
6.93 0 -15.8
6.908 0 -14.95
6.93 0 -13.6
6.908 0 -12.95
6.93 0 -11.3
6.952 0 -10.3
6.93 0 -8.35
6.952 0 -7.1
6.93 0 -5.9
6.952 0 -7.15
6.974 0 -8
6.952 0 -10.05
6.974 0 -11.45
6.952 0 -12.95
6.974 0 -14.05
6.996 0 -15.25
6.974 0 -16.4
6.996 0 -17.15
6.974 0 -17.9
6.996 0 -18.85
7.018 0 -19.25
6.996 0 -19.75
7.018 0 -20.4
6.996 0 -20.65
7.018 0 -21
7.04 0 -21.3
7.018 0 -21.5
7.04 0 -21.55
7.018 0 -21.6
7.04 0 -21.65
7.062 0 -21.6
7.04 0 -21.55
7.062 0 -21.3
7.04 0 -21.15
7.062 0 -20.65
7.084 0 -20.35
7.062 0 -19.8
7.084 0 -19.45
7.062 0 -18.7
7.084 0 -17.9
7.106 0 -17.1
7.084 0 -16.05
7.106 0 -14.65
7.084 0 -14
7.106 0 -12.35
7.128 0 -11.4
7.106 0 -9.3
7.128 0 -8.1
7.106 0 -5.85
7.128 0 -6.2
7.15 0 -7.6
7.128 0 -9.4
7.15 0 -11.15
7.128 0 -12.6
7.15 0 -14.35
7.172 0 -15.3
7.15 0 -16.6
7.172 0 -17.1
7.15 0 -17.9
7.172 0 -18.6
7.194 0 -19.4
7.172 0 -19.9
7.194 0 -20.2
7.172 0 -20.8
7.194 0 -21.5
7.216 0 -21.45
7.194 0 -21.45
7.216 0 -21.65
7.194 0 -21.75
7.216 0 -22
7.238 0 -21.8
7.216 0 -21.75
7.238 0 -21.8
7.216 0 -21.7
7.238 0 -21.5
7.26 0 -21.3
7.238 0 -21.25
7.26 0 -19.05
7.238 0 -18.8
7.26 0 -18
7.282 0 -17.4
7.26 0 -16.65
7.282 0 -15.65
7.26 0 -14.25
7.282 0 -13.4
7.304 0 -11.95
7.282 0 -10.65
7.304 0 -8.95
7.282 0 -6.7
7.304 0 -5.15
7.326 0 -5.85
7.304 0 -7.55
7.326 0 -9.3
7.304 0 -11
7.326 0 -12.05
7.348 0 -13.2
7.326 0 -14.7
7.348 0 -15.15
7.326 0 -16.05
7.348 0 -16.7
7.37 0 -17.3
7.348 0 -17.9
7.37 0 -18.3
7.348 0 -18.7
7.37 0 -19.05
7.392 0 -19.25
7.37 0 -19.5
7.392 0 -19.65
7.37 0 -19.65
7.392 0 -19.65
7.414 0 -19.6
7.392 0 -19.45
7.414 0 -19.35
7.392 0 -19
7.414 0 -18.75
7.436 0 -18.35
7.414 0 -17.85
7.436 0 -17.4
7.414 0 -16.75
7.436 0 -16.1
7.458 0 -15.3
7.436 0 -13.85
7.458 0 -13.45
7.436 0 -12
7.458 0 -11.15
7.48 0 -9.45
7.458 0 -8.1
7.48 0 -6.1
7.458 0 -4.35
7.48 0 -3.6
7.502 0 -7.9
7.48 0 -7.4
7.502 0 -9.1
7.48 0 -11
7.502 0 -11.85
7.524 0 -13.25
7.502 0 -14.05
7.524 0 -15.15
7.502 0 -16.2
7.524 0 -16.5
7.546 0 -17.25
7.524 0 -17.65
7.546 0 -18.3
7.524 0 -18.75
7.546 0 -19.25
7.568 0 -19.4
7.546 0 -19.7
7.568 0 -19.8
7.546 0 -19.9
7.568 0 -19.9
7.59 0 -19.8
7.568 0 -19.8
7.59 0 -19.65
7.568 0 -19.4
7.59 0 -19.15
7.612 0 -18.75
7.59 0 -18.3
7.612 0 -17.9
7.59 0 -17.3
7.612 0 -16.4
7.634 0 -15.85
7.612 0 -15
7.634 0 -13.5
7.612 0 -12.95
7.634 0 -11.45
7.656 0 -10.45
7.634 0 -8.95
7.656 0 -6.75
7.634 0 -6.05
7.656 0 -5.85
7.678 0 -8.2
7.656 0 -9.65
7.678 0 -11.35
7.656 0 -13.25
7.678 0 -13.95
7.7 0 -15.4
7.678 0 -16.15
7.7 0 -17.1
7.678 0 -18.1
7.7 0 -18.55
7.722 0 -19.2
7.7 0 -19.8
7.722 0 -20.45
7.7 0 -20.65
7.722 0 -21.05
7.744 0 -21.2
7.722 0 -21.45
7.744 0 -21.55
7.722 0 -21.6
7.744 0 -21.6
7.766 0 -21.6
7.744 0 -21.5
7.766 0 -21.35
7.744 0 -21.05
7.766 0 -20.7
7.788 0 -20.35
7.766 0 -19.95
7.788 0 -19.15
7.766 0 -18.65
7.788 0 -17.7
7.81 0 -17.2
7.788 0 -16.25
7.81 0 -14.8
7.788 0 -14.15
7.81 0 -12.9
7.832 0 -11.3
7.81 0 -9.9
7.832 0 -7.95
7.81 0 -6.4
7.832 0 -5.05
7.854 0 -8
7.832 0 -9.4
7.854 0 -11.2
7.832 0 -12.45
7.854 0 -13.85
7.876 0 -15.1
7.854 0 -16.15
7.876 0 -17.2
7.854 0 -17.7
7.876 0 -18.7
7.898 0 -19.35
7.876 0 -19.55
7.898 0 -20.2
7.876 0 -20.95
7.898 0 -21.3
7.92 0 -21.35
7.898 0 -21.5
7.92 0 -21.75
7.898 0 -21.95
7.92 0 -21.9
7.942 0 -21.95
7.92 0 -21.95
7.942 0 -21.8
7.92 0 -21.8
7.942 0 -21.7
7.964 0 -21.4
7.942 0 -21.3
7.964 0 -19.75
7.942 0 -18.7
7.964 0 -18.2
7.986 0 -17.35
7.964 0 -16.65
7.986 0 -15.65
7.964 0 -14.7
7.986 0 -13.45
8.008 0 -11.5
7.986 0 -10.75
8.008 0 -8.65
7.986 0 -7.3
8.008 0 -5.2
8.03 0 -6.3
8.008 0 -7.35
8.03 0 -9.45
8.008 0 -10.55
8.03 0 -11.95
8.052 0 -13.55
8.03 0 -14.05
8.052 0 -15.25
8.03 0 -15.85
8.052 0 -16.65
8.074 0 -17.35
8.052 0 -17.75
8.074 0 -18.35
8.052 0 -18.65
8.074 0 -19
8.096 0 -19.3
8.074 0 -19.45
8.096 0 -19.6
8.074 0 -19.65
8.096 0 -19.65
8.118 0 -19.6
8.096 0 -19.55
8.118 0 -19.3
8.096 0 -19.1
8.118 0 -18.8
8.14 0 -18.3
8.118 0 -17.95
8.14 0 -17.4
8.118 0 -16.85
8.14 0 -16.15
8.162 0 -15
8.14 0 -14.5
8.162 0 -13.25
8.14 0 -12.5
8.162 0 -11.1
8.184 0 -9.05
8.162 0 -8.25
8.184 0 -6.55
8.162 0 -3.95
8.184 0 -3.35
8.206 0 -5.7
8.184 0 -7.25
8.206 0 -9
8.184 0 -12.65
8.206 0 -11.8
8.228 0 -12.95
8.206 0 -13.9
8.228 0 -15.1
8.206 0 -15.7
8.228 0 -16.45
8.25 0 -17.2
8.228 0 -17.7
8.25 0 -18.3
8.228 0 -18.8
8.25 0 -19.1
8.272 0 -19.4
8.25 0 -19.65
8.272 0 -19.8
8.25 0 -19.9
8.272 0 -19.9
8.294 0 -19.9
8.272 0 -19.8
8.294 0 -19.7
8.272 0 -19.4
8.294 0 -19.25
8.316 0 -18.85
8.294 0 -18.5
8.316 0 -17.9
8.294 0 -17
8.316 0 -16.65
8.338 0 -15.5
8.316 0 -15.05
8.338 0 -13.7
8.316 0 -13.15
8.338 0 -11.7
8.36 0 -10.6
8.338 0 -9.05
8.36 0 -7.5
8.338 0 -6.25
8.36 0 -5.9
8.382 0 -8.2
8.36 0 -9.45
8.382 0 -11.5
8.36 0 -12.95
8.382 0 -13.8
8.404 0 -15.15
8.382 0 -16.1
8.404 0 -17
8.382 0 -18.05
8.404 0 -18.5
8.426 0 -19.25
8.404 0 -19.7
8.426 0 -20.2
8.404 0 -20.6
8.426 0 -20.95
8.448 0 -21.2
8.426 0 -21.35
8.448 0 -21.45
8.426 0 -21.65
8.448 0 -21.65
8.47 0 -21.6
8.448 0 -21.55
8.47 0 -21.2
8.448 0 -21.05
8.47 0 -20.8
8.492 0 -20.3
8.47 0 -19.6
8.492 0 -19.3
8.47 0 -18.55
8.492 0 -17.95
8.514 0 -17.1
8.492 0 -16.25
8.514 0 -15.35
8.492 0 -13.85
8.514 0 -13
8.536 0 -11.6
8.514 0 -9.95
8.536 0 -8.1
8.514 0 -5.55
8.536 0 -5.25
8.558 0 -7.2
8.536 0 -9.05
8.558 0 -10.6
8.536 0 -12.5
8.558 0 -13.95
8.58 0 -14.9
8.558 0 -15.85
8.58 0 -16.95
8.558 0 -17.75
8.58 0 -18.5
8.602 0 -19.05
8.58 0 -19.6
8.602 0 -20.2
8.58 0 -20.85
8.602 0 -21.15
8.624 0 -21.25
8.602 0 -21.55
8.624 0 -21.8
8.602 0 -21.8
8.624 0 -21.85
8.646 0 -21.85
8.624 0 -22
8.646 0 -21.95
8.624 0 -21.8
8.646 0 -21.85
8.668 0 -21.65
8.646 0 -21.55
8.668 0 -20
8.646 0 -18.7
8.668 0 -18.25
8.69 0 -17.5
8.668 0 -16.85
8.69 0 -15.8
8.668 0 -14.6
8.69 0 -13.45
8.712 0 -12.4
8.69 0 -10.7
8.712 0 -9.35
8.69 0 -7.55
8.712 0 -5.1
8.734 0 -5.25
8.712 0 -7.5
8.734 0 -8.9
8.712 0 -10.4
8.734 0 -11.95
8.756 0 -12.95
8.734 0 -14
8.756 0 -15.05
8.734 0 -15.8
8.756 0 -16.5
8.778 0 -17.2
8.756 0 -17.75
8.778 0 -18.2
8.756 0 -18.55
8.778 0 -19
8.8 0 -19.3
8.778 0 -19.4
8.8 0 -19.65
8.778 0 -19.65
8.8 0 -19.7
8.822 0 -19.6
8.8 0 -19.5
8.822 0 -19.4
8.8 0 -19.15
8.822 0 -18.85
8.844 0 -18.4
8.822 0 -17.85
8.844 0 -17.45
8.822 0 -16.9
8.844 0 -15.95
8.866 0 -15.5
8.844 0 -14.4
8.866 0 -13.65
8.844 0 -12.6
8.866 0 -11.15
8.888 0 -9.95
8.866 0 -8.4
8.888 0 -5.75
8.866 0 -4.75
8.888 0 -3.7
8.91 0 -5.15
8.888 0 -7.35
8.91 0 -8.95
8.888 0 -11
8.91 0 -11.6
8.932 0 -13.1
8.91 0 -13.8
8.932 0 -14.85
8.91 0 -15.6
8.932 0 -16.35
8.954 0 -17
8.932 0 -17.7
8.954 0 -18.2
8.932 0 -18.65
8.954 0 -19.1
8.976 0 -19.35
8.954 0 -19.6
8.976 0 -19.75
8.954 0 -19.9
8.976 0 -19.95
8.998 0 -19.9
8.976 0 -19.9
8.998 0 -19.65
8.976 0 -19.5
8.998 0 -19.2
9.02 0 -18.95
8.998 0 -18.55
9.02 0 -17.85
8.998 0 -17.4
9.02 0 -16.85
9.042 0 -15.9
9.02 0 -15.25
9.042 0 -14.25
9.02 0 -13.3
9.042 0 -12
9.064 0 -10.5
9.042 0 -9.35
9.064 0 -7.45
9.042 0 -6.45
9.064 0 -5.85
9.086 0 -7.8
9.064 0 -9.25
9.086 0 -10.95
9.064 0 -12.65
9.086 0 -13.7
9.108 0 -15
9.086 0 -15.95
9.108 0 -16.95
9.086 0 -18.05
9.108 0 -18.45
9.13 0 -19.3
9.108 0 -19.65
9.13 0 -20.15
9.108 0 -20.5
9.13 0 -20.85
9.152 0 -21.1
9.13 0 -21.4
9.152 0 -21.45
9.13 0 -21.6
9.152 0 -21.65
9.174 0 -21.55
9.152 0 -21.5
9.174 0 -21.25
9.152 0 -20.95
9.174 0 -20.8
9.196 0 -20.3
9.174 0 -19.8
9.196 0 -19.2
9.174 0 -18.25
9.196 0 -17.9
9.218 0 -16.9
9.196 0 -16.35
9.218 0 -15.2
9.196 0 -13.7
9.218 0 -13.1
9.24 0 -11.55
9.218 0 -9.35
9.24 0 -8.5
9.218 0 -5.7
9.24 0 -5.2
9.24 -0.453 -6.6
9.24 -2.141 -5.45
9.24 -4.625 -6.75
9.24 -8.578 -10.75
9.24 -13.859 -16.2
9.24 -20.375 -23.5
9.24 -26.203 -30
9.24 -35.062 -38.5
