0 0 -24.25
-0.071 0 -24.15
0 0 -24.05
-0.071 0 -23.8
0 0 -23.6
0.071 0 -23.25
0 0 -22.7
0.071 0 -22.3
0 0 -21.8
0.071 0 -20.95
0.141 0 -20.35
0.071 0 -19.55
0.141 0 -18.6
0.071 0 -17.4
0.141 0 -16.25
0.212 0 -14.7
0.141 0 -13
0.212 0 -11.05
0.141 0 -11.1
0.212 0 -13
0.283 0 -14.65
0.212 0 -16
0.283 0 -17.3
0.212 0 -18.4
0.283 0 -19.45
0.353 0 -20.35
0.283 0 -21.2
0.353 0 -21.8
0.283 0 -22.45
0.353 0 -23
0.424 0 -23.45
0.353 0 -23.8
0.424 0 -24
0.353 0 -24.15
0.424 0 -24.35
0.495 0 -24.45
0.424 0 -24.5
0.495 0 -24.5
0.424 0 -24.45
0.495 0 -24.2
0.565 0 -24.05
0.495 0 -23.8
0.565 0 -23.4
0.495 0 -22.95
0.565 0 -22.5
0.636 0 -21.9
0.565 0 -21.25
0.636 0 -20.45
0.565 0 -19.6
0.636 0 -18.65
0.707 0 -17.4
0.636 0 -16.25
0.707 0 -14.95
0.636 0 -13.3
0.707 0 -11.6
0.778 0 -10.15
0.707 0 -11.9
0.778 0 -13.75
0.707 0 -15.6
0.778 0 -16.45
0.848 0 -17.7
0.778 0 -18.75
0.848 0 -19.75
0.778 0 -20.6
0.848 0 -21.35
0.919 0 -22.1
0.848 0 -22.45
0.919 0 -23
0.848 0 -23.35
0.919 0 -23.75
0.99 0 -23.95
0.919 0 -24.2
0.99 0 -24.2
0.919 0 -24.3
0.99 0 -24.3
1.06 0 -24.25
0.99 0 -24.15
1.06 0 -24.05
0.99 0 -23.85
1.06 0 -23.55
1.131 0 -23.25
1.06 0 -22.75
1.131 0 -22.25
1.06 0 -21.65
1.131 0 -21
1.202 0 -20.15
1.131 0 -19.35
1.202 0 -18.3
1.131 0 -17
1.202 0 -15.95
1.272 0 -14.5
1.202 0 -12.85
1.272 0 -11.1
1.202 0 -10.35
1.272 0 -12.3
1.343 0 -14.05
1.272 0 -15.8
1.343 0 -16.85
1.272 0 -18
1.343 0 -19.1
1.414 0 -19.95
1.343 0 -20.9
1.414 0 -21.6
1.343 0 -22.15
1.414 0 -22.6
1.484 0 -23.1
1.414 0 -23.45
1.484 0 -23.7
1.414 0 -24
1.484 0 -24.15
1.555 0 -24.2
1.484 0 -24.25
1.555 0 -24.3
1.484 0 -24.2
1.555 0 -24.1
1.626 0 -24
1.555 0 -23.7
1.626 0 -23.4
1.555 0 -23.05
1.626 0 -22.6
1.696 0 -22.1
1.626 0 -21.3
1.696 0 -20.85
1.626 0 -19.95
1.696 0 -19
1.767 0 -17.8
1.696 0 -17
1.767 0 -15.65
1.696 0 -14.2
1.767 0 -12.6
1.838 0 -10.75
1.767 0 -10.85
1.838 0 -12.9
1.767 0 -14.95
1.838 0 -15.8
1.909 0 -17.1
1.838 0 -18.5
1.909 0 -19.25
1.838 0 -20.1
1.909 0 -20.95
1.979 0 -21.65
1.909 0 -22.2
1.979 0 -22.7
1.909 0 -23.15
1.979 0 -23.5
2.05 0 -23.8
1.979 0 -24.05
2.05 0 -24.2
1.979 0 -24.2
2.05 0 -24.3
2.121 0 -24.2
2.05 0 -24.2
2.121 0 -24.1
2.05 0 -23.85
2.121 0 -23.6
2.191 0 -23.3
2.121 0 -22.85
2.191 0 -22.35
2.121 0 -21.75
2.191 0 -20.95
2.262 0 -20.45
2.191 0 -19.55
2.262 0 -18.7
2.191 0 -17.45
2.262 0 -16.1
2.333 0 -14.95
2.262 0 -13.35
2.333 0 -11.7
2.262 0 -11
2.333 0 -12.95
2.403 0 -14.95
2.333 0 -15.95
2.403 0 -17.25
2.333 0 -18.4
2.403 0 -19.4
2.474 0 -20.3
2.403 0 -21.3
2.474 0 -21.8
2.403 0 -22.35
2.474 0 -22.9
2.545 0 -23.3
2.474 0 -23.65
2.545 0 -23.95
2.474 0 -24.15
2.545 0 -24.25
2.615 0 -24.45
2.545 0 -24.5
2.615 0 -24.5
2.545 0 -24.35
2.615 0 -24.25
2.686 0 -24.05
2.615 0 -23.85
2.686 0 -23.45
2.615 0 -23.05
2.686 0 -22.45
2.757 0 -21.85
2.686 0 -21.45
2.757 0 -20.65
2.686 0 -19.75
2.757 0 -18.85
2.827 0 -17.75
2.757 0 -16.65
2.827 0 -15.15
2.757 0 -13.7
2.827 0 -11.95
2.898 0 -10.15
2.827 0 -11.55
2.898 0 -13.35
2.827 0 -14.95
2.898 0 -16.45
2.969 0 -17.45
2.898 0 -18.95
2.969 0 -19.6
2.898 0 -20.4
2.969 0 -21.2
3.039 0 -21.85
2.969 0 -22.45
3.039 0 -22.9
2.969 0 -23.35
3.039 0 -23.65
3.11 0 -23.95
3.039 0 -24.15
3.11 0 -24.2
3.039 0 -24.3
3.11 0 -24.3
3.181 0 -24.25
3.11 0 -24.15
3.181 0 -24.1
3.11 0 -23.85
3.181 0 -23.45
3.252 0 -23.25
3.181 0 -22.65
3.252 0 -22.15
3.181 0 -21.7
3.252 0 -21.1
3.322 0 -20.25
3.252 0 -19.45
3.322 0 -18.35
3.252 0 -17.2
3.322 0 -16.15
3.393 0 -14.7
3.322 0 -12.65
3.393 0 -11.4
3.322 0 -10.1
3.393 0 -12
3.464 0 -13.75
3.393 0 -15.35
3.464 0 -16.8
3.393 0 -18.2
3.464 0 -18.9
3.534 0 -19.8
3.464 0 -20.65
3.534 0 -21.55
3.464 0 -22
3.534 0 -22.55
3.605 0 -23
3.534 0 -23.4
3.605 0 -23.7
3.534 0 -23.95
3.605 0 -24.1
3.676 0 -24.2
3.605 0 -24.3
3.676 0 -24.3
3.605 0 -24.25
3.676 0 -24.2
3.746 0 -24.05
3.676 0 -23.75
3.746 0 -23.45
3.676 0 -23.15
3.746 0 -22.65
3.817 0 -22.15
3.746 0 -21.55
3.817 0 -20.85
3.746 0 -20.05
3.817 0 -19.1
3.888 0 -17.95
3.817 0 -16.9
3.888 0 -15.45
3.817 0 -13.9
3.888 0 -12.55
3.958 0 -10.65
3.888 0 -10.95
3.958 0 -12.75
3.888 0 -14.45
3.958 0 -15.85
4.029 0 -17.15
3.958 0 -18.3
4.029 0 -19.35
3.958 0 -20.35
4.029 0 -20.9
4.1 0 -21.6
4.029 0 -22.15
4.1 0 -22.7
4.029 0 -23.2
4.1 0 -23.45
4.17 0 -23.8
4.1 0 -24
4.17 0 -24.2
4.1 0 -24.25
4.17 0 -24.25
4.241 0 -24.25
4.17 0 -24.2
4.241 0 -24.35
4.17 0 -23.95
4.241 0 -23.65
4.312 0 -23.45
4.241 0 -22.75
4.312 0 -22.45
4.241 0 -21.9
4.312 0 -21.35
4.383 0 -20.55
4.312 0 -19.75
4.383 0 -18.75
4.312 0 -17.7
4.383 0 -16.2
4.453 0 -15.15
4.383 0 -13.55
4.453 0 -11.85
4.383 0 -10.75
4.453 0 -12.6
4.524 0 -14.25
4.453 0 -15.8
4.524 0 -17.05
4.453 0 -18.25
4.524 0 -19.2
4.595 0 -20.3
4.524 0 -21.15
4.595 0 -21.75
4.524 0 -22.3
4.595 0 -22.85
4.665 0 -23.4
4.595 0 -23.6
4.665 0 -23.95
4.595 0 -24.1
4.665 0 -24.3
4.736 0 -24.4
4.665 0 -24.45
4.736 0 -24.4
4.665 0 -24.35
4.736 0 -24.25
4.807 0 -24.15
4.736 0 -23.8
4.807 0 -23.45
4.736 0 -23.15
4.807 0 -22.6
4.877 0 -22.05
4.807 0 -21.4
4.877 0 -20.75
4.807 0 -19.85
4.877 0 -18.95
4.948 0 -17.85
4.877 0 -16.6
4.948 0 -15.15
4.877 0 -13.6
4.948 0 -12.15
5.019 0 -10.25
4.948 0 -12
5.019 0 -13.15
4.948 0 -14.75
5.019 0 -16.15
5.089 0 -17.45
5.019 0 -18.5
5.089 0 -19.55
5.019 0 -20.35
5.089 0 -21.15
5.16 0 -21.8
5.089 0 -22.6
5.16 0 -22.85
5.089 0 -23.4
5.16 0 -23.6
5.231 0 -23.9
5.16 0 -24.1
5.231 0 -24.25
5.16 0 -24.3
5.231 0 -24.35
5.301 0 -24.25
5.231 0 -24.15
5.301 0 -24.05
5.231 0 -23.8
5.301 0 -23.55
5.372 0 -23.3
5.301 0 -22.85
5.372 0 -22.3
5.301 0 -21.7
5.372 0 -21.05
5.443 0 -20.35
5.372 0 -19.45
5.443 0 -18.45
5.372 0 -17.3
5.443 0 -15.95
5.513 0 -14.6
5.443 0 -12.95
5.513 0 -11.35
5.443 0 -10.15
5.513 0 -12.05
5.584 0 -13.75
5.513 0 -15.35
5.584 0 -16.8
5.513 0 -18.15
5.584 0 -18.95
5.655 0 -19.8
5.584 0 -20.65
5.655 0 -21.4
5.584 0 -21.95
5.655 0 -22.55
5.726 0 -22.95
5.655 0 -23.4
5.726 0 -23.75
5.655 0 -23.95
5.726 0 -24.15
5.796 0 -24.2
5.726 0 -24.25
5.796 0 -24.3
5.726 0 -24.25
5.796 0 -24.15
5.867 0 -24.05
5.796 0 -23.8
5.867 0 -23.55
5.796 0 -23.2
5.867 0 -22.6
5.938 0 -22.2
5.867 0 -21.65
5.938 0 -20.95
5.867 0 -20.15
5.938 0 -19.25
6.008 0 -18.2
5.938 0 -17.05
6.008 0 -15.7
5.938 0 -13.8
6.008 0 -12.7
6.079 0 -10.9
6.008 0 -10.75
6.079 0 -12.55
6.008 0 -14.45
6.079 0 -15.75
6.15 0 -17.05
6.079 0 -18.55
6.15 0 -19.2
6.079 0 -20.1
6.15 0 -20.85
6.22 0 -21.6
6.15 0 -22.2
6.22 0 -22.7
6.15 0 -23.25
6.22 0 -23.5
6.291 0 -23.85
6.22 0 -24.1
6.291 0 -24.15
6.22 0 -24.2
6.291 0 -24.25
6.362 0 -24.25
6.291 0 -24.15
6.362 0 -24.15
6.291 0 -23.9
6.362 0 -23.65
6.432 0 -23.35
6.362 0 -22.9
6.432 0 -22.4
6.362 0 -21.9
6.432 0 -21.3
6.503 0 -20.5
6.432 0 -19.5
6.503 0 -18.8
6.432 0 -17.7
6.503 0 -16.6
6.574 0 -15.1
6.503 0 -13.65
6.574 0 -11.8
6.503 0 -10.8
6.574 0 -12.55
6.644 0 -14.3
6.574 0 -15.9
6.644 0 -17.25
6.574 0 -18.5
6.644 0 -19.25
6.715 0 -20.1
6.644 0 -21.2
6.715 0 -21.7
6.644 0 -22.5
6.715 0 -22.8
6.786 0 -23.3
6.715 0 -23.65
6.786 0 -23.9
6.715 0 -24.15
6.786 0 -24.3
6.857 0 -24.45
6.786 0 -24.5
6.857 0 -24.5
6.786 0 -24.45
6.857 0 -24.2
6.927 0 -24.1
6.857 0 -23.75
6.927 0 -23.55
6.857 0 -23.15
6.927 0 -22.65
6.998 0 -22
6.927 0 -21.45
6.998 0 -20.65
6.927 0 -19.7
6.998 0 -18.8
7.069 0 -17.85
6.998 0 -16.5
7.069 0 -15.25
6.998 0 -13.5
7.069 0 -11.8
7.139 0 -10.25
7.069 0 -12
7.139 0 -13.25
7.069 0 -14.85
7.139 0 -16.2
7.21 0 -17.45
7.139 0 -18.5
7.21 0 -19.55
7.139 0 -20.35
7.21 0 -21.2
7.281 0 -21.85
7.21 0 -22.6
7.281 0 -22.9
7.21 0 -23.4
7.281 0 -23.6
7.351 0 -23.9
7.281 0 -24.25
7.351 0 -24.25
7.281 0 -24.35
7.351 0 -24.35
7.422 0 -24.3
7.351 0 -24.3
7.422 0 -24.1
7.351 0 -23.9
7.422 0 -23.6
7.493 0 -23.3
7.422 0 -22.9
7.493 0 -22.35
7.422 0 -21.7
7.493 0 -21.1
7.563 0 -20.4
7.493 0 -19.45
7.563 0 -18.55
7.493 0 -17.45
7.563 0 -16.2
7.634 0 -14.85
7.563 0 -13.25
7.634 0 -11.4
7.563 0 -10.15
7.634 0 -12
7.705 0 -13.65
7.634 0 -15.5
7.705 0 -16.6
7.634 0 -17.85
7.705 0 -18.95
7.775 0 -19.8
7.705 0 -20.65
7.775 0 -21.35
7.705 0 -22
7.775 0 -22.55
7.846 0 -23
7.775 0 -23.4
7.846 0 -23.65
7.775 0 -24
7.846 0 -24.15
7.917 0 -24.25
7.846 0 -24.3
7.917 0 -24.3
7.846 0 -24.3
7.917 0 -24.15
8.058 0 -24.1
7.917 0 -23.85
7.987 0 -23.5
8.058 0 -23.4
7.987 0 -23.2
7.917 0 -22.85
8.058 0 -22.7
8.129 0 -22.25
8.058 0 -21.65
8.129 0 -20.85
8.058 0 -20.15
8.129 0 -18.8
8.2 0 -18.05
8.129 0 -17.15
8.2 0 -15.3
8.129 0 -14.35
8.2 0 -12.85
8.27 0 -10.95
8.2 0 -10.55
8.27 0 -12.5
8.2 0 -14.25
8.27 0 -15.8
8.341 0 -17.05
8.27 0 -18.1
8.341 0 -19.65
8.27 0 -20
8.341 0 -20.9
8.412 0 -21.55
8.341 0 -22.15
8.412 0 -22.8
8.341 0 -23.2
8.412 0 -23.45
8.482 0 -23.85
8.412 0 -24
8.482 0 -24.15
8.412 0 -24.25
8.482 0 -24.25
8.553 0 -24.2
8.482 0 -24.15
8.553 0 -23.9
8.482 0 -23.9
8.553 0 -23.6
8.624 0 -23.3
8.553 0 -22.8
8.624 0 -22.15
8.553 0 -21.9
8.624 0 -21.3
8.694 0 -20.5
8.624 0 -19.65
8.694 0 -18.35
8.624 0 -17.65
8.694 0 -16.5
8.765 0 -15
8.694 0 -13.35
8.765 0 -11.75
8.694 0 -10.9
8.765 0 -12.6
8.836 0 -14.3
8.765 0 -15.8
8.836 0 -17.05
8.765 0 -18.2
8.836 0 -19.4
8.906 0 -20.1
8.836 0 -21
8.906 0 -21.85
8.836 0 -22.25
8.906 0 -22.85
8.977 0 -23.35
8.906 0 -23.65
8.977 0 -23.95
8.906 0 -24.15
8.977 0 -24.25
9.048 0 -24.4
8.977 0 -24.45
9.048 0 -24.5
8.977 0 -24.35
9.048 0 -24.25
9.118 0 -24.05
9.048 0 -23.85
9.118 0 -23.5
9.048 0 -23.15
9.118 0 -22.65
9.189 0 -22.05
9.118 0 -21.5
9.189 0 -20.5
9.118 0 -19.9
9.189 0 -18.45
9.26 0 -17.85
9.189 0 -16.7
9.26 0 -15.25
9.189 0 -13.8
9.26 0 -12
9.331 0 -10.15
9.26 0 -11.5
9.331 0 -13.4
9.26 0 -14.85
9.331 0 -16.95
9.401 0 -17.45
9.331 0 -18.55
9.401 0 -19.6
9.331 0 -20.35
9.401 0 -21.45
9.472 0 -22.1
9.401 0 -22.45
9.472 0 -22.85
9.401 0 -23.35
9.472 0 -23.7
9.543 0 -23.95
9.472 0 -24.2
9.543 0 -24.25
9.472 0 -24.3
9.543 0 -24.3
9.613 0 -24.25
9.543 0 -24.25
9.613 0 -24.05
9.543 0 -23.85
9.613 0 -23.5
9.684 0 -23.35
9.613 0 -22.85
9.684 0 -22.35
9.613 0 -21.75
9.684 0 -21.15
9.755 0 -20.3
9.684 0 -19.45
9.755 0 -18.35
9.684 0 -17.4
9.755 0 -16.2
9.825 0 -14.25
9.755 0 -13.2
9.825 0 -11.55
9.755 0 -10.15
9.825 0 -11.95
9.896 0 -13.85
9.825 0 -15.25
9.896 0 -17.05
9.825 0 -17.8
9.896 0 -19.2
9.967 0 -20.05
9.896 0 -20.5
9.967 0 -21.3
9.896 0 -21.95
9.967 0 -22.55
10.037 0 -23.15
9.967 0 -23.4
10.037 0 -23.65
9.967 0 -23.9
10.037 0 -24.15
10.108 0 -24.25
10.037 0 -24.3
10.108 0 -24.35
10.037 0 -24.25
10.108 0 -24.15
10.179 0 -24.05
10.108 0 -23.8
10.179 0 -23.55
10.108 0 -23.2
10.179 0 -22.7
10.249 0 -22.25
10.179 0 -21.65
10.249 0 -20.9
10.179 0 -20.15
10.249 0 -18.85
10.32 0 -18.05
10.249 0 -17.05
10.32 0 -15.75
10.249 0 -14.4
10.32 0 -12.7
10.391 0 -10.8
10.32 0 -10.85
10.391 0 -12.55
10.32 0 -14.3
10.391 0 -16.05
10.462 0 -17
10.391 0 -18.05
10.462 0 -19.2
10.391 0 -20
10.462 0 -20.95
10.532 0 -21.55
10.462 0 -22.15
10.532 0 -22.6
10.462 0 -23.1
10.532 0 -23.45
10.603 0 -23.8
10.532 0 -24
10.603 0 -24.05
10.532 0 -24.25
10.603 0 -24.3
10.674 0 -24.2
10.603 0 -24.2
10.674 0 -24.05
10.603 0 -22.4
10.674 0 -23.55
10.744 0 -23.35
10.674 0 -22.95
10.744 0 -22.5
10.674 0 -21.95
10.744 0 -21.25
10.815 0 -20.6
10.744 0 -19.6
10.815 0 -18.55
10.744 0 -17.8
10.815 0 -16.65
10.886 0 -15.2
10.815 0 -13.6
10.886 0 -11.9
10.815 0 -10.85
10.886 0 -12.6
10.956 0 -14.3
10.886 0 -15.75
10.956 0 -17.4
10.886 0 -18.15
10.956 0 -19.2
11.027 0 -20.2
10.956 0 -21.1
11.027 0 -21.8
10.956 0 -22.25
11.027 0 -22.85
11.098 0 -23.4
11.027 0 -23.65
11.098 0 -23.95
11.027 0 -24.2
11.098 0 -24.25
11.168 0 -24.35
11.098 0 -24.5
11.168 0 -24.4
11.098 0 -24.45
11.168 0 -24.2
11.239 0 -24.05
11.168 0 -23.85
11.239 0 -23.5
11.168 0 -23.15
11.239 0 -22.6
11.31 0 -22.05
11.239 0 -21.5
11.31 0 -20.75
11.239 0 -19.9
11.31 0 -18.55
11.38 0 -17.9
11.31 0 -16.7
11.38 0 -15.35
11.31 0 -13.7
11.38 0 -11.5
11.451 0 -10.25
11.38 0 -11.3
11.451 0 -13.15
11.38 0 -14.85
11.451 0 -16.6
11.522 0 -17.4
11.451 0 -18.5
11.522 0 -19.5
11.451 0 -20.35
11.522 0 -21.2
11.592 0 -21.8
11.522 0 -22.4
11.592 0 -23.05
11.522 0 -23.35
11.592 0 -23.7
11.663 0 -24.05
11.592 0 -24.15
11.663 0 -24.2
11.592 0 -24.3
11.663 0 -24.35
11.734 0 -24.3
11.663 0 -24.2
11.734 0 -24.1
11.663 0 -23.9
11.734 0 -23.6
11.805 0 -23.3
11.734 0 -22.75
11.805 0 -22.3
11.734 0 -21.65
11.805 0 -21.1
11.875 0 -20.35
11.805 0 -19.45
11.875 0 -18.4
11.805 0 -17.1
11.875 0 -15.8
11.946 0 -14.75
11.875 0 -12.9
11.946 0 -10.9
11.875 0 -10.2
11.946 0 -12.05
12.017 0 -13.7
11.946 0 -15.35
12.017 0 -16.65
11.946 0 -18.1
12.017 0 -18.9
12.087 0 -19.8
12.017 0 -20.6
12.087 0 -21.45
12.017 0 -22.05
12.087 0 -22.6
12.158 0 -23
12.087 0 -23.4
12.158 0 -23.7
12.087 0 -24
12.158 0 -24.15
12.229 0 -24.25
12.158 0 -24.3
12.229 0 -24.3
12.158 0 -24.25
12.229 0 -24.15
12.299 0 -24.1
12.229 0 -23.85
12.299 0 -23.55
12.229 0 -23.3
12.299 0 -22.75
12.37 0 -22.05
12.299 0 -21.65
12.37 0 -20.95
12.299 0 -20.2
12.37 0 -19.3
12.441 0 -18.25
12.37 0 -17.15
12.441 0 -15.8
12.37 0 -14.35
12.441 0 -12.2
12.511 0 -10.85
12.441 0 -10.75
12.511 0 -12.65
12.441 0 -14.35
12.511 0 -15.9
12.582 0 -17.2
12.511 0 -18.5
12.582 0 -19.4
12.511 0 -20.1
12.582 0 -21
12.653 0 -21.8
12.582 0 -22.2
12.653 0 -22.8
12.582 0 -23.4
12.653 0 -23.55
12.723 0 -23.75
12.653 0 -24
12.723 0 -24.15
12.653 0 -24.3
12.723 0 -24.25
12.794 0 -24.2
12.723 0 -24.15
12.794 0 -24.1
12.723 0 -23.9
12.794 0 -23.65
12.865 0 -23.35
12.794 0 -22.95
12.865 0 -22.45
12.794 0 -22
12.865 0 -21.1
12.936 0 -20.6
12.865 0 -19.65
12.936 0 -18.8
12.865 0 -17.65
12.936 0 -16.35
13.006 0 -14.65
12.936 0 -13.65
13.006 0 -12.05
12.936 0 -10.7
13.006 0 -12.55
13.077 0 -14.55
13.006 0 -15.7
13.077 0 -17
13.006 0 -18.1
13.077 0 -19.15
13.148 0 -20.05
13.077 0 -20.95
13.148 0 -21.65
13.077 0 -22.25
13.148 0 -22.8
13.218 0 -23.3
13.148 0 -23.6
13.218 0 -23.95
13.148 0 -24.15
13.218 0 -24.25
13.289 0 -24.35
13.218 0 -24.45
13.289 0 -24.45
13.218 0 -24.35
13.289 0 -24.25
13.36 0 -24.1
13.289 0 -23.85
13.36 0 -23.5
13.289 0 -23.2
13.36 0 -22.7
13.43 0 -22.05
13.36 0 -21.45
13.43 0 -20.7
13.36 0 -19.9
13.43 0 -18.9
13.501 0 -17.9
13.43 0 -16.7
13.501 0 -15.3
13.43 0 -13.65
13.501 0 -12
13.572 0 -10.2
13.501 0 -11.4
13.572 0 -13.2
13.501 0 -15.05
13.572 0 -16.5
13.642 0 -17.7
13.572 0 -18.5
13.642 0 -19.7
13.572 0 -20.35
13.642 0 -21.2
13.713 0 -21.8
13.642 0 -22.4
13.713 0 -22.9
13.642 0 -23.35
13.713 0 -23.65
13.784 0 -24.05
13.713 0 -24.15
13.784 0 -24.3
13.713 0 -24.3
13.784 0 -24.4
13.854 0 -24.3
13.784 0 -24.2
13.854 0 -24.1
13.784 0 -23.8
13.854 0 -23.55
13.925 0 -23.35
13.854 0 -22.85
13.925 0 -22.45
13.854 0 -21.8
13.925 0 -21.1
13.996 0 -20.15
13.925 0 -19.55
13.996 0 -18.15
13.925 0 -17.55
13.996 0 -16.25
14.066 0 -14.85
13.996 0 -13.25
14.066 0 -11.45
13.996 0 -10.2
14.066 0 -12.25
14.137 0 -14.45
14.066 0 -15.25
14.137 0 -16.65
14.066 0 -17.8
14.137 0 -19
14.208 0 -19.9
14.137 0 -20.7
14.208 0 -21.55
14.137 0 -22
14.208 0 -22.6
14.279 0 -23.05
14.208 0 -23.45
14.279 0 -23.75
14.208 0 -23.95
14.279 0 -24.2
14.349 0 -24.3
14.279 0 -24.35
14.349 0 -24.35
14.279 0 -24.3
14.349 0 -24.25
14.42 0 -24.1
14.349 0 -23.85
14.42 0 -23.55
14.349 0 -23.25
14.42 0 -22.75
14.491 0 -22.25
14.42 0 -21.65
14.491 0 -20.9
14.42 0 -20
14.491 0 -19.3
14.561 0 -18.35
14.491 0 -17.15
14.561 0 -15.7
14.491 0 -14.45
14.561 0 -11.2
14.632 0 -10.9
14.561 0 -10.7
14.632 0 -13
14.561 0 -14.1
14.632 0 -15.6
14.703 0 -16.95
14.632 0 -18.05
14.703 0 -19.15
14.632 0 -20.15
14.703 0 -20.85
14.773 0 -21.55
14.703 0 -22.1
14.773 0 -22.6
14.703 0 -23.15
14.773 0 -23.45
14.844 0 -23.8
14.773 0 -24
14.844 0 -24.1
14.773 0 -24.2
14.844 0 -24.25
14.915 0 -24.3
14.844 0 -24.2
14.915 0 -24.1
14.844 0 -23.95
14.915 0 -23.55
14.985 0 -23.4
14.915 0 -22.9
14.985 0 -22.4
14.915 0 -21.9
14.985 0 -21.15
15.056 0 -20.45
14.985 0 -19.5
15.056 0 -18
14.985 0 -17.7
15.056 0 -16.5
15.127 0 -15.1
15.056 0 -13.5
15.127 0 -11.85
15.056 0 -10.8
15.127 0 -12.7
15.197 0 -14.3
15.127 0 -15.95
15.197 0 -17.35
15.127 0 -18.5
15.197 0 -19.2
15.268 0 -20.1
15.197 0 -20.95
15.268 0 -21.7
15.197 0 -22.3
15.268 0 -22.75
15.339 0 -23.35
15.268 0 -23.6
15.339 0 -24
15.268 0 -24.15
15.339 0 -24.25
15.41 0 -24.45
15.339 0 -24.5
15.41 0 -24.5
15.339 0 -24.35
15.41 0 -24.3
15.48 0 -24.05
15.41 0 -23.85
15.48 0 -23.55
15.41 0 -23.15
15.48 0 -22.6
15.551 0 -22
15.48 0 -21.3
15.551 0 -20.75
15.48 0 -19.7
15.551 0 -18.95
15.622 0 -17.75
15.551 0 -16.75
15.622 0 -15.4
15.551 0 -13.85
15.622 0 -12.2
15.692 0 -10.3
15.622 0 -11.35
15.692 0 -13.15
15.622 0 -14.9
15.692 0 -16.25
15.763 0 -17.6
15.692 0 -18.6
15.763 0 -19.5
15.692 0 -20.35
15.763 0 -21.15
15.834 0 -21.9
15.763 0 -22.45
15.834 0 -22.95
15.763 0 -23.45
15.834 0 -23.7
15.904 0 -23.95
15.834 0 -24.15
15.904 0 -24.25
15.834 0 -24.35
15.904 0 -24.35
15.975 0 -24.35
15.904 0 -24.25
15.975 0 -24.15
15.904 0 -23.95
15.975 0 -23.65
16.046 0 -23.35
15.975 0 -22.85
16.046 0 -20.8
15.975 0 -21.65
16.046 0 -20.95
16.116 0 -20.1
16.046 0 -19.6
16.116 0 -18.6
16.046 0 -17.5
16.116 0 -16.25
16.187 0 -14.9
16.116 0 -13.35
16.187 0 -11.4
16.116 0 -10.2
16.187 0 -12.1
16.258 0 -14.1
16.187 0 -15.2
16.258 0 -16.6
16.187 0 -17.75
16.258 0 -18.9
16.328 0 -19.8
16.258 0 -20.6
16.328 0 -21.5
16.258 0 -21.9
16.328 0 -22.55
16.399 0 -23.05
16.328 0 -23.4
16.399 0 -23.75
16.328 0 -23.95
16.399 0 -24.15
16.47 0 -24.3
16.399 0 -24.35
16.47 0 -24.35
16.399 0 -24.4
16.47 0 -24.15
16.54 0 -24.05
16.47 0 -23.9
16.54 0 -23.6
16.47 0 -23.25
16.54 0 -22.75
16.611 0 -22.2
16.54 0 -21.6
16.611 0 -21
16.54 0 -20.1
16.611 0 -19.25
16.682 0 -18.2
16.611 0 -17.1
16.682 0 -15.75
16.611 0 -14.4
16.682 0 -12.7
16.753 0 -10.9
16.682 0 -10.8
16.753 0 -12.65
16.682 0 -14.3
16.753 0 -15.75
16.823 0 -17.1
16.753 0 -18.4
16.823 0 -19.2
16.753 0 -20.15
16.823 0 -20.85
16.894 0 -21.6
16.823 0 -22.2
16.894 0 -22.7
16.823 0 -23.15
16.894 0 -23.5
16.965 0 -23.85
16.894 0 -24.1
16.965 0 -24.15
16.894 0 -24.2
16.965 0 -24.35
17.035 0 -24.35
16.965 0 -24.3
17.035 0 -24.1
16.965 0 -23.85
17.035 0 -23.65
17.106 0 -23.4
17.035 0 -23
17.106 0 -22.5
17.035 0 -22
17.106 0 -21.15
17.177 0 -20.6
17.106 0 -19.75
17.177 0 -18.85
17.106 0 -17.75
17.177 0 -16.6
17.247 0 -15.2
17.177 0 -13.55
17.247 0 -11.75
17.177 0 -10.9
17.247 0 -12.55
17.318 0 -14.2
17.247 0 -15.7
17.318 0 -17.05
17.247 0 -18.15
17.318 0 -19.3
17.389 0 -20.3
17.318 0 -21.05
17.389 0 -21.8
17.318 0 -22.4
17.389 0 -22.8
17.459 0 -23.4
17.389 0 -23.6
17.459 0 -23.95
17.389 0 -24.2
17.459 0 -24.3
17.53 0 -24.45
17.459 0 -24.55
17.53 0 -24.45
17.459 0 -24.4
17.53 0 -24.3
17.601 0 -24.05
17.53 0 -23.85
17.601 0 -23.5
17.53 0 -23.2
17.601 0 -22.6
17.671 0 -22.05
17.601 0 -21.35
17.671 0 -20.7
17.601 0 -19.65
17.671 0 -19
17.742 0 -17.9
17.671 0 -16.8
17.742 0 -15.4
17.671 0 -13.7
17.742 0 -11.85
17.813 0 -10.3
17.742 0 -11.5
17.813 0 -13.05
17.742 0 -14.7
17.813 0 -16.1
17.884 0 -17.45
17.813 0 -18.55
17.884 0 -19.65
17.813 0 -20.35
17.884 0 -21.2
17.954 0 -21.75
17.884 0 -22.45
17.954 0 -22.95
17.884 0 -23.35
17.954 0 -23.7
18.025 0 -24
17.954 0 -24.2
18.025 0 -24.25
17.954 0 -24.35
18.025 0 -24.35
18.096 0 -24.35
18.025 0 -24.2
18.096 0 -24.15
18.025 0 -23.95
18.096 0 -23.65
18.166 0 -23.4
18.096 0 -22.9
18.166 0 -22.3
18.096 0 -21.8
18.166 0 -21.1
18.237 0 -20.3
18.166 0 -19.25
18.237 0 -18.5
18.166 0 -17.4
18.237 0 -16.15
18.308 0 -14.8
18.237 0 -12.95
18.308 0 -11.4
18.237 0 -10.15
18.308 0 -12.05
18.378 0 -13.7
18.308 0 -15.35
18.378 0 -16.65
18.308 0 -17.95
18.378 0 -19
18.449 0 -19.8
18.378 0 -20.9
18.449 0 -21.35
18.378 0 -21.95
18.449 0 -22.55
18.52 0 -23
18.449 0 -23.4
18.52 0 -23.75
18.449 0 -24.1
18.52 0 -24.15
18.59 0 -24.3
18.52 0 -24.4
18.59 0 -24.4
18.52 0 -24.35
18.59 0 -24.2
18.661 0 -24.1
18.59 0 -23.85
18.661 0 -23.6
18.59 0 -23.3
18.661 0 -22.7
18.732 0 -22.2
18.661 0 -21.65
18.732 0 -21
18.661 0 -20.15
18.732 0 -19.25
18.802 0 -18.1
18.732 0 -17.15
18.802 0 -15.85
18.732 0 -14.45
18.802 0 -12.8
18.873 0 -11
18.802 0 -10.6
18.873 0 -12.55
18.802 0 -14.3
18.873 0 -17.5
18.944 0 -17
18.873 0 -18.15
18.944 0 -19.15
18.873 0 -20.05
18.944 0 -20.9
19.014 0 -21.7
18.944 0 -22.15
19.014 0 -22.65
18.944 0 -23.15
19.014 0 -23.5
19.085 0 -23.75
19.014 0 -24
19.085 0 -24.2
19.014 0 -24.25
19.085 0 -24.35
19.156 0 -24.25
