0 0 -64.4
0.071 0 -64.45
0 0 -64.55
0.071 0 -64.75
0 0 -64.75
0.071 0 -64.8
0 0 -64.65
0.071 0 -64.6
0 0 -64.65
0.071 0 -64.6
0 0 -64.75
0.071 0 -64.6
0 0 -64.65
0.071 0 -64.75
0 0 -64.7
0.071 0 -64.55
0 0 -64.45
0.071 0 -64.75
0 0 -64.6
0.071 0 -64.55
0 0 -64.4
0.071 0 -64.3
0 0 -64.2
0.071 0 -64.3
0 0 -64.1
0.071 0 -64.1
0 0 -63.9
0.071 0 -64.1
0 0 -63.9
0.071 0 -63.95
0 0 -63.5
0.071 0 -63.5
0 0 -63.6
0.071 0 -63.35
0 0 -63.25
0.071 0 -62.95
0 0 -63.1
0.071 0 -62.95
0 0 -62.8
0.071 0 -62.8
0 0 -62.5
0.071 0 -62.3
0 0 -62.35
0.071 0 -61.95
0 0 -61.7
0.071 0 -61.6
0 0 -61.35
0.071 0 -61.25
0 0 -61
0.071 0 -60.55
0 0 -60.55
0.071 0 -60.35
0 0 -59.9
0.071 0 -59.5
0 0 -59.35
0.071 0 -59
0 0 -58.5
0.071 0 -58.35
0 0 -57.95
0.071 0 -57.6
0 0 -57.05
0.071 0 -56.7
0 0 -56.25
0.071 0 -55.8
0 0 -55.45
0.071 0 -54.7
0 0 -54.1
0.071 0 -53.25
0 0 -52.55
0.071 0 -52.25
0 0 -50.9
0.071 0 -50.2
0 0 -49.65
0.071 0 -48.35
0 0 -47.45
0.071 0 -46.35
0 0 -45.55
0.071 0 -44.25
0 0 -42.7
0.071 0 -41.35
0 0 -40.65
0.071 0 -39.5
0 0 -38.45
0.071 0 -37.3
0 0 -36.05
0.071 0 -35.55
0 0 -33.65
0.071 0 -33.9
0 0 -34.1
0.071 0 -34.95
0 0 -35.55
0.071 0 -36.35
0 0 -37.3
0.071 0 -38.25
0 0 -39.2
0.071 0 -40.05
0 0 -41
0.071 0 -41.85
0 0 -43.1
0.071 0 -44.4
0 0 -45.45
0.071 0 -47.8
0 0 -47.5
0.071 0 -48.2
0 0 -48.6
0.071 0 -49.4
0 0 -50.25
0.071 0 -51.35
0 0 -51.9
0.071 0 -52.4
0 0 -53.25
0.071 0 -53.55
0 0 -54.4
0.071 0 -55
0 0 -55.05
0.071 0 -55.8
0 0 -56.15
0.071 0 -56.5
0 0 -56.9
0.071 0 -57.2
0 0 -57.45
0.071 0 -58.1
0 0 -58.35
0.071 0 -58.65
0 0 -59
0.071 0 -59.35
0 0 -59.65
0.071 0 -59.85
0 0 -60.35
0.071 0 -60.4
0 0 -60.55
0.071 0 -59.2
0 0 -61.05
0.071 0 -61.25
0 0 -61.6
0.071 0 -61.7
0 0 -61.95
0.071 0 -62.15
0 0 -62.3
0.071 0 -62.25
0 0 -62.55
0.071 0 -62.75
0 0 -62.8
0.071 0 -62.9
0 0 -63
0.071 0 -63.2
0 0 -63.2
0.071 0 -63.25
0 0 -63.6
0.071 0 -63.5
0 0 -63.55
0.071 0 -63.7
0 0 -63.9
0.071 0 -63.85
0 0 -64.05
0.071 0 -63.9
0 0 -64.1
0.071 0 -64
0 0 -63.9
0.071 0 -64.1
0 0 -64.05
0.071 0 -64
0 0 -64.35
0.071 0 -64.2
0 0 -64.3
0.071 0 -64.05
0 0 -64.35
0.071 0 -64.15
0 0 -64.1
0.071 0 -64.1
0 0 -64.05
0.071 0 -63.9
0 0 -64
0.071 0 -63.7
0 0 -63.8
0.071 0 -63.7
0 0 -63.6
0.071 0 -63.4
0 0 -63.3
0.071 0 -63.3
0 0 -63.1
0.071 0 -63.1
0 0 -63.05
0.071 0 -62.7
0 0 -62.7
0.071 0 -62.55
0 0 -62.5
0.071 0 -62.45
0 0 -62.3
0.071 0 -62.15
0 0 -61.95
0.071 0 -61.8
0 0 -61.65
0.071 0 -61.4
0 0 -61.15
0.071 0 -60.9
0 0 -60.65
0.071 0 -60.55
0 0 -60.35
0.071 0 -60.2
0 0 -59.8
0.071 0 -59.4
0 0 -59.15
0.071 0 -58.85
0 0 -58.6
0.071 0 -58.5
0 0 -58.15
0.071 0 -57.55
0 0 -57.3
0.071 0 -56.8
0 0 -56.55
0.071 0 -56.35
0 0 -55.85
0.071 0 -55.45
0 0 -55
0.071 0 -54.6
0 0 -54
0.071 0 -53.55
0 0 -53
0.071 0 -52.45
0 0 -51.95
0.071 0 -51.35
0 0 -50.5
0.071 0 -49.95
0 0 -49.25
0.071 0 -48.6
0 0 -47.55
0.071 0 -46.55
0 0 -45.75
0.071 0 -44.75
0 0 -43.9
0.071 0 -43.15
0 0 -42.2
0.071 0 -41.1
0 0 -40.1
0.071 0 -38.6
0 0 -37.7
0.071 0 -36.45
0 0 -35.15
0.071 0 -34.05
0 0 -32.4
0.071 0 -31.2
0 0 -29.85
0.071 0 -28.55
0 0 -27.35
0.071 0 -25.95
0 0 -24.65
0.071 0 -23.5
0 0 -22.15
0.071 0 -20.85
0 0 -19.9
0.071 0 -18.9
0 0 -18.35
0.071 0 -17.85
0 0 -17.75
0.071 0 -17.9
0 0 -18.25
0.071 0 -18.75
0 0 -19.35
0.071 0 -20.3
0 0 -21.55
0.071 0 -23.55
0 0 -25.05
0.071 0 -27
0 0 -29.2
0.071 0 -31.25
0 0 -33.15
0.071 0 -35.1
0 0 -37.9
0.071 0 -39.6
0 0 -41.3
0.071 0 -42.5
0 0 -44
0.071 0 -45.4
0 0 -46.65
0.071 0 -49.5
0 0 -49.05
0.071 0 -50.55
0 0 -51.25
0.071 0 -52.1
0 0 -52.8
0.071 0 -53.25
0 0 -53.6
0.071 0 -53.9
0 0 -54.25
0.071 0 -54.5
0 0 -54.55
0.071 0 -54.6
0 0 -54.65
0.071 0 -54.65
0 0 -54.75
0.071 0 -54.6
0 0 -54.7
0.071 0 -54.5
0 0 -54.4
0.071 0 -54.15
0 0 -53.9
0.071 0 -53.3
0 0 -52.95
0.071 0 -52.5
0 0 -51.9
0.071 0 -51.8
0 0 -52.4
0.071 0 -52.95
0 0 -53.5
0.071 0 -54.25
0 0 -54.7
0.071 0 -55.15
0 0 -55.65
0.071 0 -56.15
0 0 -56.7
0.071 0 -57.15
0 0 -57.45
0.071 0 -58.15
0 0 -58.55
0.071 0 -58.65
0 0 -59
0.071 0 -59.4
0 0 -59.75
0.071 0 -59.9
0 0 -60.45
0.071 0 -60.5
0 0 -60.75
0.071 0 -60.95
0 0 -61.25
0.071 0 -61.6
0 0 -61.7
0.071 0 -61.95
0 0 -62.05
0.071 0 -62.35
0 0 -62.45
0.071 0 -62.7
0 0 -62.8
0.071 0 -62.95
0 0 -62.9
0.071 0 -63.25
0 0 -63.3
0.071 0 -63.55
0 0 -63.7
0.071 0 -63.75
0 0 -63.9
0.071 0 -62.45
0 0 -64.2
0.071 0 -64.25
0 0 -64.2
0.071 0 -64.3
0 0 -64.45
0.071 0 -64.4
0 0 -64.35
0 0.219 -64.55
0 1.5 -64.65
0 3.437 -65.05
0 5.344 -65.3
0 7.312 -65.65
0 9.328 -65.95
0 11.562 -66.5
0 13.562 -67.1
0 15.625 -67.75
0 17.75 -68.05
0 19.891 -68.85
0 22.25 -69.55
0 24.547 -70.4
0 26.687 -70.65
0 28.578 -71.15
0 30.609 -71.75
0 32.703 -72.5
0 34.656 -73
0 36.344 -73.15
0 38.469 -73.6
0 40.641 -74.55
0 43.016 -75.1
0 45.312 -75.9
0 47.484 -77.35
0 49.703 -78.7
